9820.89 0
9820.88 0
9820.86 0
9820.85 0
9820.84 0
9820.83 0
9820.82 0
9820.8 0
9820.79 0
9820.78 0
9820.77 0
9820.75 -0.000185146
9820.74 -0.000111164
9820.73 0.0000686821
9820.72 0.000273628
9820.71 0.000500086
9820.69 0.000755177
9820.68 0.000994619
9820.67 0.00116082
9820.66 0.00122842
9820.64 0.00117802
9820.63 0.000973734
9820.62 0.000619967
9820.61 0.000225511
9820.59 -0.0000446539
9820.58 -0.000114551
9820.57 -0.0000881844
9820.56 -0.000179537
9820.55 -0.000534085
9820.54 -0.00108531
9820.52 -0.00156162
9820.51 -0.00166115
9820.5 -0.00128194
9820.49 -0.000615418
9820.47 -0.00000446059
9820.46 0.000310105
9820.45 0.000329926
9820.44 0.000237884
9820.42 0.000226865
9820.41 0.000356516
9820.4 0.000529374
9820.39 0.000599476
9820.38 0.000515961
9820.36 0.00035647
9820.35 0.000222773
9820.34 0.000126648
9820.33 -0.0000143219
9820.31 -0.00028605
9820.3 -0.000684824
9820.29 -0.00109145
9820.28 -0.00133799
9820.27 -0.00133646
9820.25 -0.00116232
9820.24 -0.000995565
9820.23 -0.000966849
9820.22 -0.00106348
9820.21 -0.00116917
9820.19 -0.00116948
9820.18 -0.00102391
9820.17 -0.000764906
9820.16 -0.000449857
9820.14 -0.000129547
9820.13 0.000141993
9820.12 0.000306706
9820.11 0.000339534
9820.1 0.000263346
9820.08 0.000111506
9820.07 -0.0000877197
9820.06 -0.000271939
9820.05 -0.0003479
9820.03 -0.000291616
9820.02 -0.000216436
9820.01 -0.000273514
9820 -0.000480085
9819.99 -0.000696345
9819.97 -0.000780895
9819.96 -0.000722491
9819.95 -0.000605257
9819.94 -0.000494453
9819.92 -0.000390346
9819.91 -0.000267026
9819.9 -0.000123908
9819.89 -0.00000467471
9819.88 0.0000200785
9819.86 -0.0000972239
9819.85 -0.000316246
9819.84 -0.00048575
9819.83 -0.000420005
9819.81 -0.0000404485
9819.8 0.000543526
9819.79 0.00109618
9819.78 0.00140383
9819.77 0.00139038
9819.75 0.00113447
9819.74 0.000804434
9819.73 0.000564911
9819.72 0.000498524
9819.7 0.000566733
9819.69 0.000631814
9819.68 0.000544982
9819.67 0.000254182
9819.66 -0.000143688
9819.64 -0.000451196
9819.63 -0.000502701
9819.62 -0.000292812
9819.61 0.0000124844
9819.59 0.00019997
9819.58 0.000149021
9819.57 -0.00012477
9819.56 -0.000502882
9819.55 -0.00081398
9819.53 -0.000908606
9819.52 -0.000757723
9819.51 -0.000483336
9819.5 -0.000253815
9819.49 -0.000139154
9819.47 -0.0000853092
9819.46 -0.000017686
9819.45 0.0000684164
9819.44 0.000124975
9819.42 0.00012429
9819.41 0.000091803
9819.4 0.0000719109
9819.39 0.0000714225
9819.38 0.0000408218
9819.36 -0.0000844938
9819.35 -0.000322026
9819.34 -0.000616856
9819.33 -0.000862921
9819.31 -0.000945734
9819.3 -0.000801364
9819.29 -0.000474473
9819.28 -0.000107072
9819.26 0.000161181
9819.25 0.00027307
9819.24 0.000225936
9819.23 0.0000140578
9819.22 -0.000343852
9819.2 -0.000737656
9819.19 -0.000993225
9819.18 -0.000999599
9819.17 -0.000800715
9819.16 -0.000556732
9819.14 -0.000418592
9819.13 -0.000430449
9819.12 -0.00052858
9819.11 -0.000608221
9819.09 -0.000587123
9819.08 -0.000431112
9819.07 -0.00014851
9819.06 0.000226774
9819.04 0.000637464
9819.03 0.000991052
9819.02 0.0011774
9819.01 0.0011261
9819 0.000845939
9818.98 0.000416411
9818.97 -0.0000311551
9818.96 -0.000335051
9818.95 -0.000371248
9818.94 -0.000143988
9818.92 0.000211968
9818.91 0.000547599
9818.9 0.000807329
9818.89 0.00101456
9818.87 0.00118637
9818.86 0.0012934
9818.85 0.00128347
9818.84 0.00111436
9818.83 0.00077406
9818.81 0.000299894
9818.8 -0.000211586
9818.79 -0.000628093
9818.78 -0.000846914
9818.76 -0.000866758
9818.75 -0.000795457
9818.74 -0.000770165
9818.73 -0.000863926
9818.72 -0.00106038
9818.7 -0.00128636
9818.69 -0.00144345
9818.68 -0.00142882
9818.67 -0.00117318
9818.65 -0.000683244
9818.64 -0.0000496178
9818.63 0.000576046
9818.62 0.00101559
9818.61 0.00112698
9818.59 0.000889512
9818.58 0.000442133
9818.57 0.0000210029
9818.56 -0.000171354
9818.54 -0.0000768999
9818.53 0.00020237
9818.52 0.000498536
9818.51 0.000721044
9818.5 0.000932772
9818.48 0.00126587
9818.47 0.00173912
9818.46 0.00217936
9818.45 0.00234567
9818.43 0.00211407
9818.42 0.00154189
9818.41 0.000803925
9818.4 0.0000998398
9818.39 -0.000407854
9818.37 -0.000624078
9818.36 -0.000536239
9818.35 -0.000224835
9818.34 0.000142058
9818.33 0.000357468
9818.31 0.000266561
9818.3 -0.000146975
9818.29 -0.000733067
9818.28 -0.00123603
9818.26 -0.0014347
9818.25 -0.00128217
9818.24 -0.000929066
9818.23 -0.000599234
9818.22 -0.00042574
9818.2 -0.000383868
9818.19 -0.000346538
9818.18 -0.000175371
9818.17 0.000223299
9818.15 0.000861538
9818.14 0.00163358
9818.13 0.0023282
9818.12 0.00271502
9818.1 0.00264373
9818.09 0.0021077
9818.08 0.00128201
9818.07 0.000499486
9818.06 0.0000893251
9818.04 0.000142719
9818.03 0.000428447
9818.02 0.000585386
9818.01 0.000430308
9818 0.0000856129
9817.98 -0.000177745
9817.97 -0.000192154
9817.96 0.0000112387
9817.95 0.000297308
9817.93 0.000549883
9817.92 0.000712276
9817.91 0.000776684
9817.9 0.000765569
9817.89 0.000700964
9817.87 0.00058065
9817.86 0.000397387
9817.85 0.000179838
9817.84 0.00000396786
9817.82 -0.0000306714
9817.81 0.00015465
9817.8 0.000552324
9817.79 0.00102689
9817.78 0.00138124
9817.76 0.00150234
9817.75 0.00141673
9817.74 0.00118058
9817.73 0.000774061
9817.71 0.000176854
9817.7 -0.000481121
9817.69 -0.000941317
9817.68 -0.00102511
9817.67 -0.000777137
9817.65 -0.000381477
9817.64 0.0000213898
9817.63 0.000413689
9817.62 0.000844785
9817.61 0.00134211
9817.59 0.0018623
9817.58 0.00228761
9817.57 0.00246441
9817.56 0.00229005
9817.54 0.00180122
9817.53 0.00117674
9817.52 0.000646911
9817.51 0.000383476
9817.49 0.000414459
9817.48 0.000595872
9817.47 0.000706329
9817.46 0.000630716
9817.45 0.000451005
9817.43 0.000351663
9817.42 0.000466556
9817.41 0.000809071
9817.4 0.0012783
9817.38 0.00168684
9817.37 0.00182257
9817.36 0.00156673
9817.35 0.00100072
9817.34 0.000382894
9817.32 -0.0000166106
9817.31 -0.0000814201
9817.3 0.000119699
9817.29 0.000424094
9817.28 0.000689583
9817.26 0.000859043
9817.25 0.000953187
9817.24 0.00100626
9817.23 0.000999547
9817.21 0.000865639
9817.2 0.000578097
9817.19 0.000228158
9817.18 -0.0000349565
9817.17 -0.000162855
9817.15 -0.000264077
9817.14 -0.000465434
9817.13 -0.000750495
9817.12 -0.000970814
9817.1 -0.000992603
9817.09 -0.00080415
9817.08 -0.000501027
9817.07 -0.000205206
9817.06 -0.00000538882
9817.04 0.0000616417
9817.03 0.000024396
9817.02 -0.0000183082
9817.01 0.000051235
9817 0.00027834
9816.98 0.000595886
9816.97 0.000874502
9816.96 0.00100732
9816.95 0.00096665
9816.93 0.000808895
9816.92 0.000620895
9816.91 0.000440739
9816.9 0.000235615
9816.88 -0.0000351254
9816.87 -0.000354032
9816.86 -0.000643668
9816.85 -0.000803656
9816.84 -0.000764726
9816.82 -0.000556424
9816.81 -0.000316955
9816.8 -0.00018592
9816.79 -0.000180004
9816.77 -0.000198973
9816.76 -0.000137162
9816.75 0.0000440885
9816.74 0.000326514
9816.73 0.000649069
9816.71 0.000892663
9816.7 0.000904904
9816.69 0.000607173
9816.68 0.0000972633
9816.67 -0.000376157
9816.65 -0.000564011
9816.64 -0.000361573
9816.63 0.000151078
9816.62 0.000758761
9816.6 0.00120404
9816.59 0.00130512
9816.58 0.00105448
9816.57 0.00060669
9816.56 0.000136665
9816.54 -0.000296616
9816.53 -0.000736564
9816.52 -0.00119918
9816.51 -0.00158946
9816.49 -0.00175586
9816.48 -0.00162471
9816.47 -0.00127981
9816.46 -0.000899197
9816.45 -0.000600097
9816.43 -0.000347799
9816.42 -0.0000250811
9816.41 0.000408479
9816.4 0.000833018
9816.38 0.00105029
9816.37 0.000953972
9816.36 0.000620634
9816.35 0.000234741
9816.33 -0.0000636073
9816.32 -0.000250147
9816.31 -0.000365284
9816.3 -0.000430865
9816.29 -0.000420743
9816.27 -0.00029398
9816.26 -0.0000554115
9816.25 0.000205233
9816.24 0.000344269
9816.23 0.000271061
9816.21 0.0000519734
9816.2 -0.00010605
9816.19 -0.0000107961
9816.18 0.000356816
9816.16 0.000831333
9816.15 0.00119883
9816.14 0.00134686
9816.13 0.00130674
9816.12 0.00117626
9816.1 0.00100459
9816.09 0.000752714
9816.08 0.000385558
9816.07 -0.00000505621
9816.05 -0.000230172
9816.04 -0.000190359
9816.03 0.00000416323
9816.02 0.000133179
9816.01 0.0000727842
9815.99 -0.000107665
9815.98 -0.000236646
9815.97 -0.000208242
9815.96 -0.0000531397
9815.94 0.000135243
9815.93 0.000301419
9815.92 0.000447492
9815.91 0.000598365
9815.9 0.000769137
9815.88 0.00093502
9815.87 0.00101716
9815.86 0.000923105
9815.85 0.000620235
9815.83 0.000167511
9815.82 -0.000319402
9815.81 -0.000717983
9815.8 -0.000919381
9815.79 -0.00084306
9815.77 -0.000483267
9815.76 0.0000397301
9815.75 0.000506416
9815.74 0.000738127
9815.72 0.000744555
9815.71 0.000706168
9815.7 0.000774517
9815.69 0.000899829
9815.68 0.000885179
9815.66 0.000605369
9815.65 0.000141767
9815.64 -0.000300683
9815.63 -0.000574013
9815.62 -0.000670313
9815.6 -0.000665354
9815.59 -0.000626483
9815.58 -0.000577929
9815.57 -0.000530115
9815.55 -0.000521744
9815.54 -0.000618667
9815.53 -0.000867481
9815.52 -0.00126133
9815.5 -0.00174631
9815.49 -0.00223383
9815.48 -0.00260687
9815.47 -0.00275449
9815.46 -0.00263263
9815.44 -0.00229529
9815.43 -0.00185922
9815.42 -0.00143756
9815.41 -0.00110677
9815.4 -0.000908689
9815.38 -0.000836752
9815.37 -0.000813164
9815.36 -0.000728191
9815.35 -0.000544673
9815.33 -0.000359308
9815.32 -0.000330296
9815.31 -0.000525531
9815.3 -0.000843754
9815.29 -0.00109058
9815.27 -0.00113515
9815.26 -0.00100516
9815.25 -0.000847037
9815.24 -0.000800014
9815.22 -0.000896225
9815.21 -0.00104874
9815.2 -0.00110649
9815.19 -0.000941585
9815.17 -0.000542409
9815.16 -0.0000515828
9815.15 0.000308891
9815.14 0.00038655
9815.13 0.000193719
9815.12 -0.00013576
9815.1 -0.00047397
9815.09 -0.000784461
9815.08 -0.00110668
9815.07 -0.00147239
9815.05 -0.00182053
9815.04 -0.00198782
9815.03 -0.00181628
9815.02 -0.00129728
9815 -0.000604957
9814.99 0.0000154606
9814.98 0.000392952
9814.97 0.000501974
9814.96 0.000443745
9814.94 0.000367612
9814.93 0.000372163
9814.92 0.000446649
9814.91 0.000501265
9814.89 0.000464346
9814.88 0.000367649
9814.87 0.000345093
9814.86 0.000524887
9814.85 0.000893929
9814.83 0.00127318
9814.82 0.0014447
9814.81 0.0013069
9814.8 0.000919193
9814.79 0.000425726
9814.77 -0.0000547741
9814.76 -0.000479726
9814.75 -0.000840749
9814.74 -0.00109702
9814.72 -0.00118195
9814.71 -0.00107168
9814.7 -0.000814294
9814.69 -0.000489493
9814.68 -0.000167831
9814.66 0.0000886508
9814.65 0.000219438
9814.64 0.000183464
9814.63 -0.000015148
9814.61 -0.000318679
9814.6 -0.000630567
9814.59 -0.000852557
9814.58 -0.000933694
9814.56 -0.000897052
9814.55 -0.000817757
9814.54 -0.000770799
9814.53 -0.000784613
9814.52 -0.000817121
9814.5 -0.000771137
9814.49 -0.000562522
9814.48 -0.000200339
9814.47 0.00019258
9814.46 0.000440368
9814.44 0.000417964
9814.43 0.000131482
9814.42 -0.00029335
9814.41 -0.000712617
9814.39 -0.00105592
9814.38 -0.00132922
9814.37 -0.00156107
9814.36 -0.00176237
9814.35 -0.00191715
9814.33 -0.00199098
9814.32 -0.00195248
9814.31 -0.00179488
9814.3 -0.00153304
9814.28 -0.00117575
9814.27 -0.000702503
9814.26 -0.0000814787
9814.25 0.000658615
9814.24 0.00136149
9814.22 0.00178559
9814.21 0.00177027
9814.2 0.00137869
9814.19 0.000854964
9814.17 0.000427497
9814.16 0.000165758
9814.15 0.0000142744
9814.14 -0.0000989531
9814.13 -0.000226484
9814.11 -0.000416669
9814.1 -0.00068128
9814.09 -0.000943394
9814.08 -0.00107348
9814.07 -0.00100451
9814.05 -0.000798114
9814.04 -0.000589567
9814.03 -0.000472281
9814.02 -0.000430097
9814 -0.000365222
9813.99 -0.000177511
9813.98 0.000174286
9813.97 0.000639018
9813.95 0.00105854
9813.94 0.00123001
9813.93 0.00106463
9813.92 0.000685307
9813.91 0.000313554
9813.89 0.000072056
9813.88 -0.0000464865
9813.87 -0.0000410905
9813.86 0.000161175
9813.84 0.00056576
9813.83 0.000956468
9813.82 0.000997819
9813.81 0.000558295
9813.8 -0.000109979
9813.78 -0.000574521
9813.77 -0.000591223
9813.76 -0.000251551
9813.75 0.000169113
9813.74 0.000431532
9813.72 0.000437722
9813.71 0.000226388
9813.7 -0.0000813425
9813.69 -0.000353833
9813.67 -0.000500886
9813.66 -0.000477314
9813.65 -0.000263316
9813.64 0.000142223
9813.62 0.000720175
9813.61 0.00142634
9813.6 0.00216703
9813.59 0.00278309
9813.58 0.00311066
9813.56 0.00309957
9813.55 0.0028501
9813.54 0.00250142
9813.53 0.00211408
9813.52 0.00170182
9813.5 0.0013329
9813.49 0.00112796
9813.48 0.00117137
9813.47 0.00147012
9813.46 0.00196947
9813.44 0.00255351
9813.43 0.0030549
9813.42 0.00333312
9813.41 0.00335987
9813.39 0.00320405
9813.38 0.00294264
9813.37 0.00261512
9813.36 0.00225825
9813.34 0.00195673
9813.33 0.00183384
9813.32 0.00195513
9813.31 0.00222481
9813.3 0.00242022
9813.28 0.00236865
9813.27 0.00207433
9813.26 0.00167592
9813.25 0.00134613
9813.23 0.00125169
9813.22 0.00151581
9813.21 0.00211947
9813.2 0.00284094
9813.19 0.00335785
9813.17 0.00345631
9813.16 0.00315998
9813.15 0.00267812
9813.14 0.0022476
9813.12 0.0020034
9813.11 0.00193672
9813.1 0.00192915
9813.09 0.00184374
9813.08 0.00163099
9813.06 0.00136658
9813.05 0.00118597
9813.04 0.00119102
9813.03 0.00140004
9813.01 0.00173103
9813 0.00201688
9812.99 0.00208886
9812.98 0.00188761
9812.97 0.00149887
9812.95 0.00108894
9812.94 0.000804229
9812.93 0.000697298
9812.92 0.000711818
9812.91 0.000731391
9812.89 0.000655518
9812.88 0.000452063
9812.87 0.000172484
9812.86 -0.0000650685
9812.84 -0.00013924
9812.83 -0.0000173028
9812.82 0.000215874
9812.81 0.000447023
9812.79 0.000653732
9812.78 0.000907367
9812.77 0.0012414
9812.76 0.00154237
9812.75 0.0016113
9812.73 0.00134247
9812.72 0.000836302
9812.71 0.000346325
9812.7 0.000120924
9812.69 0.000269151
9812.67 0.000721717
9812.66 0.00127339
9812.65 0.0016809
9812.64 0.00179026
9812.62 0.00161927
9812.61 0.00132203
9812.6 0.00106857
9812.59 0.000958439
9812.58 0.00102502
9812.56 0.001263
9812.55 0.00160838
9812.54 0.00190606
9812.53 0.00194344
9812.51 0.00156361
9812.5 0.000784718
9812.49 -0.000177715
9812.48 -0.00102068
9812.47 -0.00151362
9812.45 -0.00159194
9812.44 -0.00134531
9812.43 -0.000944464
9812.42 -0.000565251
9812.4 -0.000334116
9812.39 -0.00028741
9812.38 -0.000358099
9812.37 -0.00043131
9812.36 -0.000446897
9812.34 -0.000445171
9812.33 -0.000511056
9812.32 -0.000693
9812.31 -0.000965568
9812.29 -0.00123096
9812.28 -0.00135846
9812.27 -0.00126281
9812.26 -0.000957498
9812.25 -0.000524259
9812.23 -0.0000451043
9812.22 0.000419717
9812.21 0.000801448
9812.2 0.00100302
9812.19 0.000942931
9812.17 0.000638736
9812.16 0.000235498
9812.15 -0.0000776127
9812.14 -0.000199535
9812.12 -0.000177087
9812.11 -0.00014097
9812.1 -0.000188211
9812.09 -0.000322075
9812.08 -0.000477369
9812.06 -0.000577141
9812.05 -0.000586554
9812.04 -0.000558446
9812.03 -0.000628514
9812.01 -0.000916175
9812 -0.00138544
9811.99 -0.00180789
9811.98 -0.00190869
9811.96 -0.00159142
9811.95 -0.00103018
9811.94 -0.000534019
9811.93 -0.00031368
9811.92 -0.000363485
9811.9 -0.000531586
9811.89 -0.000665965
9811.88 -0.000699548
9811.87 -0.000648201
9811.86 -0.000559575
9811.84 -0.000443717
9811.83 -0.000244847
9811.82 0.0000849439
9811.81 0.000482297
9811.79 0.000790791
9811.78 0.000890685
9811.77 0.000766963
9811.76 0.000448525
9811.75 -0.0000542502
9811.73 -0.000701929
9811.72 -0.00133742
9811.71 -0.00171205
9811.7 -0.00165268
9811.68 -0.00120307
9811.67 -0.000577597
9811.66 0.00000924064
9811.65 0.000436665
9811.63 0.000645167
9811.62 0.000612874
9811.61 0.000395194
9811.6 0.000120826
9811.59 -0.0000926554
9811.58 -0.000189895
9811.56 -0.000152918
9811.55 -0.00000124108
9811.54 0.000161246
9811.53 0.000174551
9811.51 -0.0000430899
9811.5 -0.00041073
9811.49 -0.000763871
9811.48 -0.000994907
9811.46 -0.00109072
9811.45 -0.00106666
9811.44 -0.000922213
9811.43 -0.000675549
9811.42 -0.000416059
9811.4 -0.000295259
9811.39 -0.000436977
9811.38 -0.000825331
9811.37 -0.00127192
9811.35 -0.00150542
9811.34 -0.00131983
9811.33 -0.000692727
9811.32 0.000185913
9811.31 0.00101466
9811.29 0.00156536
9811.28 0.0017891
9811.27 0.001751
9811.26 0.00151573
9811.25 0.00114382
9811.23 0.000759776
9811.22 0.000532494
9811.21 0.000553407
9811.2 0.000771996
9811.18 0.00107345
9811.17 0.0013857
9811.16 0.00168282
9811.15 0.00190881
9811.14 0.00194917
9811.12 0.00171197
9811.11 0.00123177
9811.1 0.000666341
9811.09 0.00019107
9811.07 -0.0000884217
9811.06 -0.000149331
9811.05 -0.0000295147
9811.04 0.000204493
9811.02 0.000492596
9811.01 0.000784874
9811 0.00101117
9810.99 0.00107896
9810.98 0.000920936
9810.96 0.000533006
9810.95 -0.000021196
9810.94 -0.000601527
9810.93 -0.000998502
9810.92 -0.00102414
9810.9 -0.00064359
9810.89 -0.0000094305
9810.88 0.000638116
9810.87 0.00110228
9810.85 0.00130048
9810.84 0.00126676
9810.83 0.00110821
9810.82 0.000938391
9810.81 0.000821122
9810.79 0.000753382
9810.78 0.000684925
9810.77 0.000552834
9810.76 0.000323937
9810.74 0.0000403234
9810.73 -0.00017298
9810.72 -0.000175927
9810.71 0.0000862274
9810.7 0.000541537
9810.68 0.00103457
9810.67 0.00139714
9810.66 0.00150141
9810.65 0.00130182
9810.63 0.000862545
9810.62 0.000337588
9810.61 -0.000090433
9810.6 -0.000261313
9810.59 -0.0000703862
9810.57 0.000480877
9810.56 0.00124765
9810.55 0.00199837
9810.54 0.00254248
9810.53 0.00280237
9810.51 0.00278173
9810.5 0.00251495
9810.49 0.00206263
9810.48 0.00151863
9810.46 0.000989717
9810.45 0.000567146
9810.44 0.00031152
9810.43 0.000240516
9810.42 0.000320655
9810.4 0.000486562
9810.39 0.000679606
9810.38 0.000863797
9810.37 0.00101193
9810.35 0.00110026
9810.34 0.00112357
9810.33 0.00109933
9810.32 0.00104998
9810.3 0.000988693
9810.29 0.000921806
9810.28 0.000855159
9810.27 0.000792757
9810.26 0.000725076
9810.24 0.000614222
9810.23 0.000405469
9810.22 0.000083825
9810.21 -0.00027533
9810.2 -0.000537993
9810.18 -0.000616892
9810.17 -0.000547752
9810.16 -0.000447081
9810.15 -0.000386371
9810.13 -0.000334595
9810.12 -0.000252331
9810.11 -0.000200598
9810.1 -0.000282532
9810.08 -0.000489992
9810.07 -0.000695985
9810.06 -0.000816253
9810.05 -0.000895385
9810.04 -0.000992359
9810.02 -0.00104613
9810.01 -0.000916923
9810 -0.000546367
9809.99 -0.0000416032
9809.98 0.000404
9809.96 0.000659725
9809.95 0.000724038
9809.94 0.000673852
9809.93 0.000594516
9809.92 0.000557727
9809.9 0.000612443
9809.89 0.000758067
9809.88 0.00092743
9809.87 0.00101107
9809.85 0.000925742
9809.84 0.000687627
9809.83 0.000414792
9809.82 0.000235054
9809.8 0.000185015
9809.79 0.000199134
9809.78 0.000188738
9809.77 0.000135717
9809.76 0.00012267
9809.74 0.000256372
9809.73 0.000535072
9809.72 0.000805578
9809.71 0.000877508
9809.69 0.000665956
9809.68 0.000218297
9809.67 -0.000343502
9809.66 -0.000870516
9809.65 -0.00122785
9809.63 -0.00135742
9809.62 -0.0013151
9809.61 -0.00123268
9809.6 -0.00123322
9809.58 -0.00135972
9809.57 -0.00154877
9809.56 -0.00166167
9809.55 -0.00157451
9809.54 -0.0012844
9809.52 -0.000941916
9809.51 -0.000755374
9809.5 -0.000832401
9809.49 -0.00109452
9809.47 -0.0013288
9809.46 -0.00132126
9809.45 -0.000981466
9809.44 -0.000395775
9809.43 0.000229459
9809.41 0.000713538
9809.4 0.00101116
9809.39 0.0011662
9809.38 0.00116906
9809.37 0.00091134
9809.35 0.00030758
9809.34 -0.000570881
9809.33 -0.00150549
9809.32 -0.00223726
9809.3 -0.00255038
9809.29 -0.00233081
9809.28 -0.00163921
9809.27 -0.000732102
9809.26 0.0000548925
9809.24 0.00050414
9809.23 0.000623286
9809.22 0.000576319
9809.21 0.000534747
9809.19 0.000595519
9809.18 0.000779323
9809.17 0.00102867
9809.16 0.0012024
9809.15 0.00113627
9809.13 0.00076371
9809.12 0.000192318
9809.11 -0.000343622
9809.1 -0.000624682
9809.08 -0.000575293
9809.07 -0.000296948
9809.06 -0.00000110247
9809.05 0.000115015
9809.04 -0.0000119567
9809.02 -0.000278731
9809.01 -0.000507927
9809 -0.000586891
9808.99 -0.000535755
9808.97 -0.000474715
9808.96 -0.000532552
9808.95 -0.000752655
9808.94 -0.00105908
9808.93 -0.00130441
9808.91 -0.00135131
9808.9 -0.00113896
9808.89 -0.000716598
9808.88 -0.000223507
9808.86 0.000182855
9808.85 0.000405897
9808.84 0.00044758
9808.83 0.000378905
9808.82 0.000270386
9808.8 0.000161072
9808.79 0.0000803011
9808.78 0.0000519511
9808.77 0.0000789292
9808.75 0.000166631
9808.74 0.000342781
9808.73 0.000592985
9808.72 0.000790846
9808.71 0.000770634
9808.69 0.000490013
9808.68 0.0000727514
9808.67 -0.000321833
9808.66 -0.000632402
9808.65 -0.000895767
9808.63 -0.00116271
9808.62 -0.0014434
9808.61 -0.00171663
9808.6 -0.00195736
9808.58 -0.00213514
9808.57 -0.00219588
9808.56 -0.00208454
9808.55 -0.00181159
9808.53 -0.00147873
9808.52 -0.00122019
9808.51 -0.00113021
9808.5 -0.00124607
9808.49 -0.00156072
9808.47 -0.00200731
9808.46 -0.00243441
9808.45 -0.00265234
9808.44 -0.00255522
9808.42 -0.00221211
9808.41 -0.00183706
9808.4 -0.00165137
9808.39 -0.00173253
9808.38 -0.00198397
9808.36 -0.00227649
9808.35 -0.0026014
9808.34 -0.00302328
9808.33 -0.00349217
9808.32 -0.00378984
9808.3 -0.00369812
9808.29 -0.00318346
9808.28 -0.00241437
9808.27 -0.00165177
9808.25 -0.00112709
9808.24 -0.000949402
9808.23 -0.00106324
9808.22 -0.00130074
9808.21 -0.00150226
9808.19 -0.00158792
9808.18 -0.00152373
9808.17 -0.00127696
9808.16 -0.000856284
9808.14 -0.000372326
9808.13 0.00000737981
9808.12 0.000188216
9808.11 0.000207263
9808.1 0.000152441
9808.08 0.0000607357
9808.07 -0.0000784715
9808.06 -0.000260539
9808.05 -0.00045827
9808.04 -0.00066474
9808.02 -0.000893155
9808.01 -0.00112026
9808 -0.00126303
9807.99 -0.0012385
9807.97 -0.00103397
9807.96 -0.000708323
9807.95 -0.000360147
9807.94 -0.000120797
9807.92 -0.000124418
9807.91 -0.000409924
9807.9 -0.000855731
9807.89 -0.00125755
9807.88 -0.00147134
9807.86 -0.00146331
9807.85 -0.0012609
9807.84 -0.000916797
9807.83 -0.000518924
9807.81 -0.00018185
9807.8 0.00000638484
9807.79 0.0000309306
9807.78 -0.0000628758
9807.77 -0.000230986
9807.75 -0.000471059
9807.74 -0.000792679
9807.73 -0.0011597
9807.72 -0.00148924
9807.71 -0.001713
9807.69 -0.00182371
9807.68 -0.00186243
9807.67 -0.00187072
9807.66 -0.00183912
9807.64 -0.00169123
9807.63 -0.00135234
9807.62 -0.00086325
9807.61 -0.000401588
9807.6 -0.000150846
9807.58 -0.000142663
9807.57 -0.000234665
9807.56 -0.000234934
9807.55 -0.0000491195
9807.53 0.000268086
9807.52 0.000579373
9807.51 0.000766706
9807.5 0.000768449
9807.49 0.000558233
9807.47 0.000152296
9807.46 -0.000348273
9807.45 -0.000776954
9807.44 -0.00101814
9807.42 -0.00110746
9807.41 -0.00118596
9807.4 -0.00133859
9807.39 -0.00149196
9807.38 -0.00148415
9807.36 -0.00122359
9807.35 -0.000771782
9807.34 -0.000290964
9807.33 0.000063188
9807.31 0.000205153
9807.3 0.000126668
9807.29 -0.000104552
9807.28 -0.000349565
9807.27 -0.00045557
9807.25 -0.000358916
9807.24 -0.000140083
9807.23 0.0000274145
9807.22 -0.00000741679
9807.2 -0.0002649
9807.19 -0.000599295
9807.18 -0.000789093
9807.17 -0.000716971
9807.16 -0.000488558
9807.14 -0.000364566
9807.13 -0.000553252
9807.12 -0.00104629
9807.11 -0.00163877
9807.09 -0.00209601
9807.08 -0.00229505
9807.07 -0.00222821
9807.06 -0.0019399
9807.05 -0.00151639
9807.03 -0.00110206
9807.02 -0.000849924
9807.01 -0.000839771
9807 -0.00105692
9806.99 -0.00141935
9806.97 -0.00178853
9806.96 -0.00197942
9806.95 -0.00183836
9806.94 -0.00137922
9806.92 -0.000834715
9806.91 -0.000495607
9806.9 -0.000452643
9806.89 -0.000527551
9806.88 -0.000483304
9806.86 -0.000264351
9806.85 0.00000213944
9806.84 0.000194162
9806.83 0.000303318
9806.81 0.000358361
9806.8 0.000331823
9806.79 0.000170973
9806.78 -0.000131516
9806.76 -0.000542934
9806.75 -0.00103235
9806.74 -0.0015669
9806.73 -0.00207797
9806.72 -0.0024625
9806.7 -0.00263663
9806.69 -0.00259055
9806.68 -0.00238269
9806.67 -0.00208687
9806.66 -0.00177277
9806.64 -0.00153609
9806.63 -0.00149141
9806.62 -0.00168426
9806.61 -0.00202176
9806.59 -0.00233719
9806.58 -0.00253829
9806.57 -0.00266304
9806.56 -0.00277875
9806.54 -0.00286374
9806.53 -0.00281654
9806.52 -0.00256886
9806.51 -0.00217308
9806.5 -0.00177438
9806.48 -0.00149214
9806.47 -0.00132671
9806.46 -0.00118095
9806.45 -0.000967236
9806.44 -0.000699591
9806.42 -0.000496921
9806.41 -0.000496017
9806.4 -0.000744222
9806.39 -0.00115881
9806.37 -0.00157601
9806.36 -0.00184042
9806.35 -0.00188222
9806.34 -0.00175942
9806.33 -0.00164034
9806.31 -0.00170314
9806.3 -0.00200185
9806.29 -0.00241571
9806.28 -0.00273833
9806.26 -0.00282625
9806.25 -0.00267734
9806.24 -0.00239394
9806.23 -0.002094
9806.21 -0.00185248
9806.2 -0.00169185
9806.19 -0.00159164
9806.18 -0.00150226
9806.17 -0.00137624
9806.15 -0.00121545
9806.14 -0.00109426
9806.13 -0.00110845
9806.12 -0.00126853
9806.11 -0.00145614
9806.09 -0.00152903
9806.08 -0.00147632
9806.07 -0.00143606
9806.06 -0.00154041
9806.04 -0.0017679
9806.03 -0.00197388
9806.02 -0.00203995
9806.01 -0.00195407
9806 -0.00177405
9805.98 -0.00157132
9805.97 -0.00139492
9805.96 -0.00123157
9805.95 -0.001003
9805.93 -0.000652569
9805.92 -0.000252374
9805.91 0.00000206719
9805.9 -0.0000650028
9805.89 -0.000454177
9805.87 -0.000974861
9805.86 -0.00138996
9805.85 -0.00157866
9805.84 -0.00156153
9805.83 -0.00140114
9805.81 -0.00112733
9805.8 -0.000762018
9805.79 -0.00036869
9805.78 -0.0000446656
9805.76 0.000124965
9805.75 0.0000971573
9805.74 -0.000118339
9805.73 -0.000448496
9805.72 -0.000767058
9805.7 -0.000951096
9805.69 -0.000950648
9805.68 -0.000808799
9805.67 -0.000621452
9805.65 -0.0004821
9805.64 -0.000454886
9805.63 -0.00057767
9805.62 -0.000854787
9805.6 -0.00121607
9805.59 -0.00150326
9805.58 -0.0015585
9805.57 -0.00135612
9805.56 -0.00102494
9805.54 -0.000726839
9805.53 -0.000533084
9805.52 -0.000433046
9805.51 -0.000438319
9805.5 -0.000623435
9805.48 -0.00102269
9805.47 -0.00150844
9805.46 -0.00183872
9805.45 -0.00185164
9805.43 -0.00158421
9805.42 -0.00120126
9805.41 -0.000855596
9805.4 -0.000619916
9805.39 -0.000486908
9805.37 -0.000395625
9805.36 -0.00029594
9805.35 -0.000224448
9805.34 -0.000295054
9805.32 -0.000579604
9805.31 -0.000990204
9805.3 -0.0012882
9805.29 -0.00123492
9805.28 -0.000783905
9805.26 -0.000163885
9805.25 0.000246222
9805.24 0.000183951
9805.23 -0.000310779
9805.21 -0.000958826
9805.2 -0.00146871
9805.19 -0.00169525
9805.18 -0.00163929
9805.17 -0.00139085
9805.15 -0.00109712
9805.14 -0.000913557
9805.13 -0.00091002
9805.12 -0.00101897
9805.11 -0.0011075
9805.09 -0.00109842
9805.08 -0.000995149
9805.07 -0.000805494
9805.06 -0.000496685
9805.04 -0.000048487
9805.03 0.000472615
9805.02 0.000910026
9805.01 0.00108751
9804.99 0.00090292
9804.98 0.000396897
9804.97 -0.000245027
9804.96 -0.000776981
9804.95 -0.00102566
9804.93 -0.000983583
9804.92 -0.000796214
9804.91 -0.000657192
9804.9 -0.000689598
9804.88 -0.000889397
9804.87 -0.00115901
9804.86 -0.00139294
9804.85 -0.00153231
9804.84 -0.00155374
9804.82 -0.00145699
9804.81 -0.00129223
9804.8 -0.00115073
9804.79 -0.00107495
9804.78 -0.00100425
9804.76 -0.000859717
9804.75 -0.000663702
9804.74 -0.000522544
9804.73 -0.000498343
9804.71 -0.000545249
9804.7 -0.00056957
9804.69 -0.000515078
9804.68 -0.000401317
9804.67 -0.000317726
9804.65 -0.000372565
9804.64 -0.000608774
9804.63 -0.000946937
9804.62 -0.00121226
9804.6 -0.00125251
9804.59 -0.00107957
9804.58 -0.000902685
9804.57 -0.000983969
9804.56 -0.0014251
9804.54 -0.00207117
9804.53 -0.00260785
9804.52 -0.00277447
9804.51 -0.00253643
9804.5 -0.00207847
9804.48 -0.00162286
9804.47 -0.00125666
9804.46 -0.000936318
9804.45 -0.000614752
9804.43 -0.000316584
9804.42 -0.000108324
9804.41 -0.00004529
9804.4 -0.000156202
9804.38 -0.000447134
9804.37 -0.000890589
9804.36 -0.00141082
9804.35 -0.00190156
9804.34 -0.00226942
9804.32 -0.00245982
9804.31 -0.00245818
9804.3 -0.00229838
9804.29 -0.00208071
9804.27 -0.00194431
9804.26 -0.00196297
9804.25 -0.00205042
9804.24 -0.00200639
9804.23 -0.00169071
9804.21 -0.00116207
9804.2 -0.000659231
9804.19 -0.000446112
9804.18 -0.000630544
9804.17 -0.00108071
9804.15 -0.00150784
9804.14 -0.0016601
9804.13 -0.0014806
9804.12 -0.00111977
9804.1 -0.000818399
9804.09 -0.000767541
9804.08 -0.00103717
9804.07 -0.00158238
9804.05 -0.00227833
9804.04 -0.00294633
9804.03 -0.00338356
9804.02 -0.00343191
9804.01 -0.00306346
9803.99 -0.00239666
9803.98 -0.00162463
9803.97 -0.000946265
9803.96 -0.000535955
9803.95 -0.000486727
9803.93 -0.000736192
9803.92 -0.00108386
9803.91 -0.00131824
9803.9 -0.0013367
9803.88 -0.00115841
9803.87 -0.000855713
9803.86 -0.00051061
9803.85 -0.00024038
9803.83 -0.000201354
9803.82 -0.00048707
9803.81 -0.00100072
9803.8 -0.00146531
9803.79 -0.00161326
9803.77 -0.00139789
9803.76 -0.00101726
9803.75 -0.000731581
9803.74 -0.00066676
9803.73 -0.000769186
9803.71 -0.000901819
9803.7 -0.000975288
9803.69 -0.00100886
9803.68 -0.00107638
9803.66 -0.00120539
9803.65 -0.00134666
9803.64 -0.00142858
9803.63 -0.00140846
9803.62 -0.00128352
9803.6 -0.00110147
9803.59 -0.000965357
9803.58 -0.000978289
9803.57 -0.0011543
9803.55 -0.00140279
9803.54 -0.00161736
9803.53 -0.00176638
9803.52 -0.00188711
9803.51 -0.00200865
9803.49 -0.0021
9803.48 -0.00209703
9803.47 -0.0019812
9803.46 -0.0018311
9803.44 -0.00177514
9803.43 -0.00186513
9803.42 -0.00200242
9803.41 -0.00201939
9803.4 -0.00183598
9803.38 -0.00151785
9803.37 -0.00119475
9803.36 -0.000950762
9803.35 -0.000786185
9803.33 -0.000656844
9803.32 -0.000537712
9803.31 -0.000450403
9803.3 -0.000437984
9803.29 -0.000525596
9803.27 -0.000704648
9803.26 -0.000936677
9803.25 -0.00116258
9803.24 -0.00132492
9803.22 -0.001406
9803.21 -0.00144678
9803.2 -0.00151135
9803.19 -0.00161941
9803.18 -0.00170925
9803.16 -0.0016665
9803.15 -0.00140974
9803.14 -0.000989901
9803.13 -0.000616073
9803.12 -0.000537153
9803.1 -0.000855411
9803.09 -0.00145336
9803.08 -0.0020917
9803.07 -0.00255892
9803.05 -0.0027659
9803.04 -0.00277606
9803.03 -0.00275924
9803.02 -0.00285439
9803 -0.00303311
9802.99 -0.00310515
9802.98 -0.00287757
9802.97 -0.00232308
9802.96 -0.00160497
9802.94 -0.000950739
9802.93 -0.000519338
9802.92 -0.000376128
9802.91 -0.000525374
9802.9 -0.000910437
9802.88 -0.00140414
9802.87 -0.00185395
9802.86 -0.00216348
9802.85 -0.00233739
9802.83 -0.00245933
9802.82 -0.00262456
9802.81 -0.00286383
9802.8 -0.00311433
9802.79 -0.00328368
9802.77 -0.00335698
9802.76 -0.00342887
9802.75 -0.00362267
9802.74 -0.00397901
9802.72 -0.00440632
9802.71 -0.00471747
9802.7 -0.00472679
9802.69 -0.00436005
9802.67 -0.00371213
9802.66 -0.00299767
9802.65 -0.00241364
9802.64 -0.00202167
9802.63 -0.00176066
9802.62 -0.00157369
9802.6 -0.00149182
9802.59 -0.00156421
9802.58 -0.00173838
9802.57 -0.00187458
9802.55 -0.00188945
9802.54 -0.0018467
9802.53 -0.00188819
9802.52 -0.00208377
9802.5 -0.00235234
9802.49 -0.00253655
9802.48 -0.00256199
9802.47 -0.00250788
9802.46 -0.0025068
9802.44 -0.00259362
9802.43 -0.00267186
9802.42 -0.00261619
9802.41 -0.00239972
9802.39 -0.00213686
9802.38 -0.00200124
9802.37 -0.00207474
9802.36 -0.0022648
9802.35 -0.00237878
9802.33 -0.00228071
9802.32 -0.00198668
9802.31 -0.00164607
9802.3 -0.00144689
9802.29 -0.00150005
9802.27 -0.00175921
9802.26 -0.00202662
9802.25 -0.00206546
9802.24 -0.0017741
9802.22 -0.00128248
9802.21 -0.000853951
9802.2 -0.000685158
9802.19 -0.000813731
9802.18 -0.00118077
9802.16 -0.00171746
9802.15 -0.00236698
9802.14 -0.00305942
9802.13 -0.00367718
9802.11 -0.0040526
9802.1 -0.00404231
9802.09 -0.00364512
9802.08 -0.00304234
9802.06 -0.00249145
9802.05 -0.00216304
9802.04 -0.00207328
9802.03 -0.00214125
9802.02 -0.00226837
9802 -0.00237893
9801.99 -0.00245126
9801.98 -0.00253366
9801.97 -0.00269716
9801.96 -0.00296242
9801.94 -0.00328778
9801.93 -0.00361536
9801.92 -0.00390948
9801.91 -0.00416139
9801.89 -0.00436623
9801.88 -0.00449394
9801.87 -0.0044995
9801.86 -0.00437159
9801.85 -0.00415187
9801.83 -0.00390155
9801.82 -0.00367495
9801.81 -0.00353182
9801.8 -0.00353254
9801.78 -0.00366986
9801.77 -0.003811
9801.76 -0.00377224
9801.75 -0.00348934
9801.74 -0.00307773
9801.72 -0.00269239
9801.71 -0.00237012
9801.7 -0.00205212
9801.69 -0.00172551
9801.67 -0.00148886
9801.66 -0.00148395
9801.65 -0.00178347
9801.64 -0.00232177
9801.63 -0.00291023
9801.61 -0.00334218
9801.6 -0.00351943
9801.59 -0.00349782
9801.58 -0.00342809
9801.57 -0.00345843
9801.55 -0.00365925
9801.54 -0.00399191
9801.53 -0.00433661
9801.52 -0.00456559
9801.5 -0.00459788
9801.49 -0.00439917
9801.48 -0.00397112
9801.47 -0.00337315
9801.46 -0.00274287
9801.44 -0.00225639
9801.43 -0.00203079
9801.42 -0.00204847
9801.41 -0.00218816
9801.39 -0.00234053
9801.38 -0.00247988
9801.37 -0.00262043
9801.36 -0.00274013
9801.34 -0.00278217
9801.33 -0.00271932
9801.32 -0.00258652
9801.31 -0.00244819
9801.3 -0.00234988
9801.28 -0.00229751
9801.27 -0.00225636
9801.26 -0.00215727
9801.25 -0.00192947
9801.24 -0.00157095
9801.22 -0.0011978
9801.21 -0.000993613
9801.2 -0.00108805
9801.19 -0.00148534
9801.17 -0.00209441
9801.16 -0.00279827
9801.15 -0.00348958
9801.14 -0.00405161
9801.12 -0.00432557
9801.11 -0.00415359
9801.1 -0.00351291
9801.09 -0.00260174
9801.08 -0.00175103
9801.06 -0.00123286
9801.05 -0.00113304
9801.04 -0.00136601
9801.03 -0.00178224
9801.02 -0.00225233
9801 -0.00266426
9800.99 -0.00290668
9800.98 -0.00292706
9800.97 -0.0028014
9800.96 -0.00268867
9800.94 -0.00269479
9800.93 -0.00279787
9800.92 -0.00290194
9800.91 -0.00293604
9800.89 -0.00289415
9800.88 -0.00279784
9800.87 -0.00263849
9800.86 -0.00236936
9800.84 -0.00197283
9800.83 -0.00154258
9800.82 -0.00127129
9800.81 -0.00131336
9800.8 -0.00164012
9800.78 -0.00203963
9800.77 -0.00227429
9800.76 -0.00225581
9800.75 -0.00209136
9800.73 -0.00198146
9800.72 -0.00206616
9800.71 -0.00233788
9800.7 -0.00267884
9800.69 -0.00298147
9800.67 -0.0032395
9800.66 -0.0035277
9800.65 -0.00389273
9800.64 -0.00425415
9800.62 -0.0044135
9800.61 -0.00419335
9800.6 -0.00360576
9800.59 -0.00288773
9800.58 -0.00234453
9800.56 -0.0021413
9800.55 -0.00224556
9800.54 -0.00254005
9800.53 -0.00292799
9800.51 -0.00332073
9800.5 -0.00360723
9800.49 -0.00371824
9800.48 -0.00371097
9800.47 -0.00372676
9800.45 -0.00384166
9800.44 -0.00398902
9800.43 -0.00404776
9800.42 -0.00397974
9800.41 -0.00385519
9800.39 -0.00376671
9800.38 -0.00375446
9800.37 -0.00380325
9800.36 -0.00386916
9800.34 -0.00389732
9800.33 -0.00383705
9800.32 -0.00365368
9800.31 -0.00333196
9800.3 -0.002895
9800.28 -0.00243988
9800.27 -0.00212515
9800.26 -0.00207671
9800.25 -0.00229354
9800.23 -0.00265377
9800.22 -0.00300785
9800.21 -0.00326227
9800.2 -0.00340209
9800.19 -0.00347888
9800.17 -0.00358003
9800.16 -0.00375843
9800.15 -0.00395517
9800.14 -0.00401573
9800.12 -0.00383144
9800.11 -0.00348015
9800.1 -0.00319796
9800.09 -0.00317818
9800.08 -0.00340272
9800.06 -0.00368716
9800.05 -0.00386379
9800.04 -0.00388927
9800.03 -0.00381198
9800.01 -0.00368933
9800 -0.00353078
9799.99 -0.00329809
9799.98 -0.0029696
9799.97 -0.00260394
9799.95 -0.00231691
9799.94 -0.00218492
9799.93 -0.00217578
9799.92 -0.00217596
9799.9 -0.00208745
9799.89 -0.0019086
9799.88 -0.00173477
9799.87 -0.00168239
9799.86 -0.00180218
9799.84 -0.00206156
9799.83 -0.00240551
9799.82 -0.00280394
9799.81 -0.00321722
9799.79 -0.00354875
9799.78 -0.00368485
9799.77 -0.00358919
9799.76 -0.00334032
9799.75 -0.00308479
9799.73 -0.00296335
9799.72 -0.00304759
9799.71 -0.00329289
9799.7 -0.00354075
9799.69 -0.00360133
9799.67 -0.00337275
9799.66 -0.00291165
9799.65 -0.00241102
9799.64 -0.00209546
9799.62 -0.00208873
9799.61 -0.00234153
9799.6 -0.00267204
9799.59 -0.00288771
9799.58 -0.00291473
9799.56 -0.00285186
9799.55 -0.00288277
9799.54 -0.00309679
9799.53 -0.00338504
9799.51 -0.00351361
9799.5 -0.00330341
9799.49 -0.00277887
9799.48 -0.00218854
9799.46 -0.00186668
9799.45 -0.00201328
9799.44 -0.0025684
9799.43 -0.00328557
9799.42 -0.0039081
9799.4 -0.00428266
9799.39 -0.0043747
9799.38 -0.00425027
9799.37 -0.00404136
9799.36 -0.0038667
9799.34 -0.00374755
9799.33 -0.00361738
9799.32 -0.00342695
9799.31 -0.00321488
9799.29 -0.00306673
9799.28 -0.00303503
9799.27 -0.00310398
9799.26 -0.00319794
9799.25 -0.00322374
9799.23 -0.00315133
9799.22 -0.00307022
9799.21 -0.00313168
9799.2 -0.00340514
9799.18 -0.00379011
9799.17 -0.00407166
9799.16 -0.00407305
9799.15 -0.00378914
9799.13 -0.00340277
9799.12 -0.00316828
9799.11 -0.0032516
9799.1 -0.00365181
9799.09 -0.00423732
9799.08 -0.00482014
9799.06 -0.0052053
9799.05 -0.00523595
9799.04 -0.00486614
9799.03 -0.0042177
9799.01 -0.00353407
9799 -0.00303102
9798.99 -0.00278064
9798.98 -0.00273608
9798.96 -0.00282271
9798.95 -0.00296974
9798.94 -0.00310017
9798.93 -0.00316599
9798.92 -0.0032034
9798.9 -0.00331818
9798.89 -0.00360203
9798.88 -0.00405318
9798.87 -0.00454771
9798.85 -0.00488086
9798.84 -0.00488074
9798.83 -0.00453501
9798.82 -0.00401996
9798.81 -0.00357739
9798.79 -0.00332974
9798.78 -0.00320469
9798.77 -0.00304392
9798.76 -0.00278858
9798.75 -0.0025575
9798.73 -0.00253846
9798.72 -0.00280044
9798.71 -0.00321443
9798.7 -0.00355538
9798.68 -0.00367575
9798.67 -0.00358959
9798.66 -0.00341464
9798.65 -0.00325343
9798.64 -0.00312944
9798.62 -0.003017
9798.61 -0.0029044
9798.6 -0.00281799
9798.59 -0.00279901
9798.57 -0.0028681
9798.56 -0.00301462
9798.55 -0.00322127
9798.54 -0.00349133
9798.53 -0.00383867
9798.51 -0.00424401
9798.5 -0.0046138
9798.49 -0.00479839
9798.48 -0.00470692
9798.46 -0.00442889
9798.45 -0.00418552
9798.44 -0.00411984
9798.43 -0.00417528
9798.42 -0.00419929
9798.4 -0.00410099
9798.39 -0.00387311
9798.38 -0.00352871
9798.37 -0.00308849
9798.35 -0.00261973
9798.34 -0.00224565
9798.33 -0.00209775
9798.32 -0.00223884
9798.31 -0.00259668
9798.29 -0.00296521
9798.28 -0.00311407
9798.27 -0.00295142
9798.26 -0.00259556
9798.24 -0.0022664
9798.23 -0.00209933
9798.22 -0.00207562
9798.21 -0.00210735
9798.2 -0.00213976
9798.18 -0.00217923
9798.17 -0.00227199
9798.16 -0.00246196
9798.15 -0.00273678
9798.13 -0.00300881
9798.12 -0.0031704
9798.11 -0.00317457
9798.1 -0.00305066
9798.09 -0.00285143
9798.07 -0.00261791
9798.06 -0.00240247
9798.05 -0.00229458
9798.04 -0.00238864
9798.03 -0.00270309
9798.01 -0.00312796
9798 -0.00347589
9797.99 -0.00361795
9797.98 -0.00359007
9797.96 -0.00357117
9797.95 -0.00374302
9797.94 -0.00414341
9797.93 -0.004624
9797.92 -0.00492521
9797.9 -0.00481059
9797.89 -0.00420324
9797.88 -0.00325509
9797.87 -0.00228351
9797.85 -0.00161096
9797.84 -0.00142976
9797.83 -0.00175952
9797.82 -0.00247198
9797.8 -0.00334595
9797.79 -0.00414369
9797.78 -0.0046941
9797.77 -0.00493778
9797.76 -0.00490294
9797.74 -0.00465552
9797.73 -0.00428952
9797.72 -0.00393445
9797.71 -0.0037095
9797.7 -0.00364843
9797.68 -0.00368984
9797.67 -0.0037458
9797.66 -0.00376331
9797.65 -0.00373183
9797.63 -0.00367648
9797.62 -0.00365856
9797.61 -0.00374629
9797.6 -0.0039539
9797.58 -0.00421488
9797.57 -0.00442773
9797.56 -0.00453288
9797.55 -0.00455979
9797.54 -0.00461358
9797.52 -0.00480199
9797.51 -0.00514414
9797.5 -0.00554048
9797.49 -0.00584296
9797.48 -0.00596
9797.46 -0.00589954
9797.45 -0.00573971
9797.44 -0.00558042
9797.43 -0.00549291
9797.41 -0.00546292
9797.4 -0.00538125
9797.39 -0.00513007
9797.38 -0.00469087
9797.37 -0.00415368
9797.35 -0.00363887
9797.34 -0.00324646
9797.33 -0.00306231
9797.32 -0.0031417
9797.3 -0.00344799
9797.29 -0.00383682
9797.28 -0.00414877
9797.27 -0.00433498
9797.26 -0.00447494
9797.24 -0.0046572
9797.23 -0.00486719
9797.22 -0.0050202
9797.21 -0.0050755
9797.19 -0.00506851
9797.18 -0.00504548
9797.17 -0.00501811
9797.16 -0.00497923
9797.15 -0.00491868
9797.13 -0.00482175
9797.12 -0.00468754
9797.11 -0.00455345
9797.1 -0.00447187
9797.08 -0.00445128
9797.07 -0.00443833
9797.06 -0.0043726
9797.05 -0.00424392
9797.04 -0.00407245
9797.02 -0.00384979
9797.01 -0.00354695
9797 -0.00318688
9796.99 -0.00286382
9796.97 -0.00267029
9796.96 -0.00263137
9796.95 -0.0027211
9796.94 -0.00291505
9796.93 -0.00320378
9796.91 -0.00356192
9796.9 -0.00393608
9796.89 -0.00429593
9796.88 -0.0046787
9796.87 -0.00511938
9796.85 -0.00553142
9796.84 -0.00573348
9796.83 -0.00562576
9796.82 -0.0052768
9796.8 -0.00481279
9796.79 -0.00430874
9796.78 -0.00384914
9796.77 -0.0036113
9796.76 -0.0037626
9796.74 -0.00426124
9796.73 -0.00483279
9796.72 -0.00518732
9796.71 -0.00525057
9796.69 -0.0051783
9796.68 -0.0051651
9796.67 -0.00525221
9796.66 -0.0053087
9796.64 -0.00517794
9796.63 -0.00483313
9796.62 -0.00440407
9796.61 -0.00408062
9796.6 -0.00398842
9796.58 -0.00410219
9796.57 -0.00423572
9796.56 -0.00415863
9796.55 -0.00379581
9796.54 -0.0033224
9796.52 -0.00303188
9796.51 -0.00310216
9796.5 -0.00348487
9796.49 -0.00398486
9796.47 -0.00441025
9796.46 -0.00465467
9796.45 -0.00468801
9796.44 -0.00452718
9796.43 -0.00423573
9796.41 -0.00392176
9796.4 -0.00369519
9796.39 -0.00361618
9796.38 -0.00369761
9796.36 -0.00394701
9796.35 -0.00435341
9796.34 -0.00480394
9796.33 -0.00507529
9796.32 -0.00499902
9796.3 -0.00463931
9796.29 -0.00425003
9796.28 -0.00405048
9796.27 -0.0040691
9796.25 -0.00417503
9796.24 -0.00421345
9796.23 -0.00412487
9796.22 -0.0039834
9796.21 -0.0039386
9796.19 -0.00409575
9796.18 -0.00441751
9796.17 -0.00473695
9796.16 -0.00489202
9796.15 -0.00486071
9796.13 -0.00475645
9796.12 -0.00470756
9796.11 -0.00478074
9796.1 -0.00500005
9796.08 -0.0053437
9796.07 -0.00568661
9796.06 -0.00583465
9796.05 -0.00569455
9796.03 -0.00538028
9796.02 -0.00510372
9796.01 -0.00497865
9796 -0.00496329
9795.99 -0.00497416
9795.97 -0.00500879
9795.96 -0.00513947
9795.95 -0.00540925
9795.94 -0.00575436
9795.92 -0.00602185
9795.91 -0.00605907
9795.9 -0.00580513
9795.89 -0.00532172
9795.88 -0.00475449
9795.86 -0.00426401
9795.85 -0.00395767
9795.84 -0.00384633
9795.83 -0.00385862
9795.82 -0.00390635
9795.8 -0.00393621
9795.79 -0.00393107
9795.78 -0.00389627
9795.77 -0.00386658
9795.75 -0.00391409
9795.74 -0.00411473
9795.73 -0.00447287
9795.72 -0.0048784
9795.71 -0.00517196
9795.69 -0.00526596
9795.68 -0.00518518
9795.67 -0.00500345
9795.66 -0.00478632
9795.64 -0.0045974
9795.63 -0.00450688
9795.62 -0.00455392
9795.61 -0.00471252
9795.6 -0.00491793
9795.58 -0.00511947
9795.57 -0.00529359
9795.56 -0.00542371
9795.55 -0.00549867
9795.54 -0.00552589
9795.52 -0.00552142
9795.51 -0.00549105
9795.5 -0.005438
9795.49 -0.00537136
9795.47 -0.00527953
9795.46 -0.00511091
9795.45 -0.0048195
9795.44 -0.00443288
9795.42 -0.00404862
9795.41 -0.00375342
9795.4 -0.00356342
9795.39 -0.00346194
9795.38 -0.00348232
9795.36 -0.00370744
9795.35 -0.00415306
9795.34 -0.00467038
9795.33 -0.00501969
9795.31 -0.00507298
9795.3 -0.0049284
9795.29 -0.00480589
9795.28 -0.00485003
9795.27 -0.0050502
9795.25 -0.00530658
9795.24 -0.00551573
9795.23 -0.00560767
9795.22 -0.00556579
9795.21 -0.00544361
9795.19 -0.00533447
9795.18 -0.00528243
9795.17 -0.00522298
9795.16 -0.00504949
9795.14 -0.00475287
9795.13 -0.00446953
9795.12 -0.00437101
9795.11 -0.00451596
9795.1 -0.00481889
9795.08 -0.00514461
9795.07 -0.0054048
9795.06 -0.00557345
9795.05 -0.00566686
9795.03 -0.00574372
9795.02 -0.0058765
9795.01 -0.00605446
9795 -0.00613136
9794.99 -0.00594612
9794.97 -0.00551896
9794.96 -0.00508257
9794.95 -0.0048906
9794.94 -0.00500625
9794.92 -0.0052781
9794.91 -0.00550264
9794.9 -0.00560565
9794.89 -0.0056833
9794.88 -0.00588507
9794.86 -0.00625492
9794.85 -0.00666598
9794.84 -0.00689119
9794.83 -0.00674458
9794.81 -0.00619305
9794.8 -0.00538286
9794.79 -0.00457794
9794.78 -0.00403808
9794.77 -0.00389261
9794.75 -0.004081
9794.74 -0.00440533
9794.73 -0.0046721
9794.72 -0.0048216
9794.7 -0.00493685
9794.69 -0.00513241
9794.68 -0.00543343
9794.67 -0.00574468
9794.66 -0.0059205
9794.64 -0.00587391
9794.63 -0.00563722
9794.62 -0.00533047
9794.61 -0.0050787
9794.59 -0.00495341
9794.58 -0.00496386
9794.57 -0.00506633
9794.56 -0.00518107
9794.55 -0.00525147
9794.53 -0.00531507
9794.52 -0.00546743
9794.51 -0.00571305
9794.5 -0.00590423
9794.48 -0.00589381
9794.47 -0.00571625
9794.46 -0.00554712
9794.45 -0.00550119
9794.44 -0.00553842
9794.42 -0.00555837
9794.41 -0.00551973
9794.4 -0.00546595
9794.39 -0.00549075
9794.38 -0.00568613
9794.36 -0.00606914
9794.35 -0.00652617
9794.34 -0.0068612
9794.33 -0.00694664
9794.31 -0.00683063
9794.3 -0.00667366
9794.29 -0.00658373
9794.28 -0.00653681
9794.26 -0.00645249
9794.25 -0.00630237
9794.24 -0.00611479
9794.23 -0.00589975
9794.22 -0.00561747
9794.2 -0.00523162
9794.19 -0.00476648
9794.18 -0.0042967
9794.17 -0.00390274
9794.16 -0.00365482
9794.14 -0.00360496
9794.13 -0.00374115
9794.12 -0.00395622
9794.11 -0.0041154
9794.09 -0.00417407
9794.08 -0.00420396
9794.07 -0.00429261
9794.06 -0.00444618
9794.04 -0.00461137
9794.03 -0.00475204
9794.02 -0.00485313
9794.01 -0.00487259
9794 -0.00475232
9793.98 -0.00448926
9793.97 -0.00417058
9793.96 -0.00392997
9793.95 -0.00386619
9793.94 -0.00398745
9793.92 -0.00422101
9793.91 -0.00447551
9793.9 -0.00469972
9793.89 -0.00489225
9793.87 -0.00507805
9793.86 -0.00529613
9793.85 -0.00558988
9793.84 -0.00596351
9793.83 -0.00633792
9793.81 -0.00658172
9793.8 -0.0066083
9793.79 -0.00644028
9793.78 -0.0061783
9793.76 -0.00591554
9793.75 -0.00568635
9793.74 -0.00549219
9793.73 -0.00536639
9793.71 -0.00539137
9793.7 -0.00562214
9793.69 -0.00599167
9793.68 -0.00633339
9793.67 -0.00652844
9793.65 -0.00660521
9793.64 -0.00666309
9793.63 -0.00672981
9793.62 -0.00673874
9793.61 -0.00661728
9793.59 -0.00633975
9793.58 -0.00591468
9793.57 -0.00539113
9793.56 -0.00488008
9793.54 -0.00450333
9793.53 -0.00429424
9793.52 -0.00417701
9793.51 -0.00404873
9793.5 -0.00386446
9793.48 -0.0036635
9793.47 -0.00355085
9793.46 -0.00364408
9793.45 -0.00399443
9793.43 -0.00453306
9793.42 -0.00510595
9793.41 -0.00558903
9793.4 -0.00597403
9793.39 -0.006323
9793.37 -0.00664722
9793.36 -0.00687422
9793.35 -0.00694349
9793.34 -0.00688719
9793.33 -0.00678735
9793.31 -0.00668283
9793.3 -0.00654339
9793.29 -0.00632303
9793.28 -0.00602728
9793.26 -0.00572381
9793.25 -0.00548674
9793.24 -0.0053506
9793.23 -0.00532801
9793.22 -0.00543452
9793.2 -0.00566166
9793.19 -0.00594817
9793.18 -0.00621815
9793.17 -0.00644432
9793.15 -0.00664749
9793.14 -0.00684297
9793.13 -0.00701848
9793.12 -0.00715785
9793.1 -0.00724633
9793.09 -0.00724649
9793.08 -0.00711642
9793.07 -0.00689034
9793.06 -0.00671848
9793.04 -0.00676913
9793.03 -0.00706575
9793.02 -0.00745611
9793.01 -0.00777434
9793 -0.00799196
9792.98 -0.00815711
9792.97 -0.00823154
9792.96 -0.00808232
9792.95 -0.00764269
9792.93 -0.0070181
9792.92 -0.00641127
9792.91 -0.00597215
9792.9 -0.00573523
9792.89 -0.00568017
9792.87 -0.00581269
9792.86 -0.00614727
9792.85 -0.00660523
9792.84 -0.00698066
9792.82 -0.00707095
9792.81 -0.00685403
9792.8 -0.00650956
9792.79 -0.00625314
9792.78 -0.00616111
9792.76 -0.0061593
9792.75 -0.00615563
9792.74 -0.00614894
9792.73 -0.00620227
9792.71 -0.006338
9792.7 -0.0064883
9792.69 -0.00655284
9792.68 -0.00648749
9792.67 -0.00632979
9792.65 -0.00616325
9792.64 -0.00607505
9792.63 -0.00611719
9792.62 -0.00627418
9792.61 -0.00647762
9792.59 -0.00665835
9792.58 -0.00676355
9792.57 -0.0067458
9792.56 -0.00660386
9792.54 -0.00644709
9792.53 -0.00645655
9792.52 -0.00672989
9792.51 -0.00716337
9792.49 -0.00750721
9792.48 -0.00755582
9792.47 -0.00729884
9792.46 -0.00690172
9792.45 -0.00655498
9792.43 -0.00635301
9792.42 -0.00630461
9792.41 -0.00640676
9792.4 -0.0066542
9792.38 -0.00698167
9792.37 -0.00724809
9792.36 -0.00732064
9792.35 -0.00718096
9792.34 -0.00692614
9792.32 -0.00665798
9792.31 -0.00640262
9792.3 -0.00615374
9792.29 -0.00595694
9792.28 -0.00591359
9792.26 -0.00610198
9792.25 -0.00650783
9792.24 -0.00702799
9792.23 -0.00752191
9792.21 -0.00786135
9792.2 -0.00797214
9792.19 -0.00786261
9792.18 -0.00760258
9792.17 -0.00726171
9792.15 -0.00688335
9792.14 -0.00653177
9792.13 -0.00633579
9792.12 -0.00643287
9792.1 -0.00685168
9792.09 -0.00747298
9792.08 -0.00811681
9792.07 -0.00865588
9792.06 -0.009051
9792.04 -0.0093017
9792.03 -0.00938129
9792.02 -0.00923414
9792.01 -0.00883651
9792 -0.00824328
9791.98 -0.00758019
9791.97 -0.00701268
9791.96 -0.00669751
9791.95 -0.00669576
9791.93 -0.00690412
9791.92 -0.00710678
9791.91 -0.00713089
9791.9 -0.00695493
9791.88 -0.00667426
9791.87 -0.00639454
9791.86 -0.00617769
9791.85 -0.00606925
9791.84 -0.00612836
9791.82 -0.00639105
9791.81 -0.00680822
9791.8 -0.00724671
9791.79 -0.00755288
9791.77 -0.00761492
9791.76 -0.00740387
9791.75 -0.00699286
9791.74 -0.00652631
9791.73 -0.00614
9791.71 -0.00589863
9791.7 -0.00580844
9791.69 -0.00587025
9791.68 -0.00608815
9791.67 -0.00642505
9791.65 -0.00678643
9791.64 -0.00708224
9791.63 -0.00731189
9791.62 -0.00756221
9791.6 -0.00787389
9791.59 -0.0081088
9791.58 -0.00802458
9791.57 -0.00752261
9791.55 -0.00676828
9791.54 -0.00603814
9791.53 -0.005508
9791.52 -0.00520559
9791.51 -0.00508114
9791.49 -0.00505851
9791.48 -0.00505375
9791.47 -0.005006
9791.46 -0.00490843
9791.45 -0.00480293
9791.43 -0.00474362
9791.42 -0.0047639
9791.41 -0.00486989
9791.4 -0.0050561
9791.38 -0.00532035
9791.37 -0.00566676
9791.36 -0.00610951
9791.35 -0.00667535
9791.33 -0.00737132
9791.32 -0.00811966
9791.31 -0.00873655
9791.3 -0.00902057
9791.29 -0.00890169
9791.27 -0.00851536
9791.26 -0.0081174
9791.25 -0.00790279
9791.24 -0.0078862
9791.23 -0.00793442
9791.21 -0.00789104
9791.2 -0.00768261
9791.19 -0.00735439
9791.18 -0.00702618
9791.16 -0.00678855
9791.15 -0.00663111
9791.14 -0.00648955
9791.13 -0.00635063
9791.12 -0.00627336
9791.1 -0.00631189
9791.09 -0.00645952
9791.08 -0.00667748
9791.07 -0.00694562
9791.05 -0.00726118
9791.04 -0.00759129
9791.03 -0.00784307
9791.02 -0.00790526
9791.01 -0.00773543
9790.99 -0.0073977
9790.98 -0.00701394
9790.97 -0.00670029
9790.96 -0.00653815
9790.94 -0.00655235
9790.93 -0.00670283
9790.92 -0.0069314
9790.91 -0.00721966
9790.9 -0.00757193
9790.88 -0.00794857
9790.87 -0.00825266
9790.86 -0.00839325
9790.85 -0.00835134
9790.83 -0.00818706
9790.82 -0.00799435
9790.81 -0.00784893
9790.8 -0.00779324
9790.79 -0.00785811
9790.77 -0.00806531
9790.76 -0.00836972
9790.75 -0.00861056
9790.74 -0.00858742
9790.73 -0.00822756
9790.71 -0.00766615
9790.7 -0.00715954
9790.69 -0.00692953
9790.68 -0.00704538
9790.66 -0.00738469
9790.65 -0.00770567
9790.64 -0.00781517
9790.63 -0.0077025
9790.62 -0.00750772
9790.6 -0.00736528
9790.59 -0.00729455
9790.58 -0.00723221
9790.57 -0.0071349
9790.55 -0.00703281
9790.54 -0.00700399
9790.53 -0.00712245
9790.52 -0.00742149
9790.5 -0.00786464
9790.49 -0.00833112
9790.48 -0.00866106
9790.47 -0.0087487
9790.46 -0.00859111
9790.44 -0.00825483
9790.43 -0.00782975
9790.42 -0.00742092
9790.41 -0.00714702
9790.4 -0.00711179
9790.38 -0.00735668
9790.37 -0.00781909
9790.36 -0.00833012
9790.35 -0.0086801
9790.33 -0.00872606
9790.32 -0.00846365
9790.31 -0.00801546
9790.3 -0.00755747
9790.29 -0.00722815
9790.27 -0.00706194
9790.26 -0.00699835
9790.25 -0.00697138
9790.24 -0.00698455
9790.22 -0.00708435
9790.21 -0.00727815
9790.2 -0.0075003
9790.19 -0.0076558
9790.17 -0.00770949
9790.16 -0.00776216
9790.15 -0.00801288
9790.14 -0.0085641
9790.13 -0.00923543
9790.12 -0.00963494
9790.1 -0.00947594
9790.09 -0.0088127
9790.08 -0.00795615
9790.07 -0.00722115
9790.05 -0.00678863
9790.04 -0.00671371
9790.03 -0.00694594
9790.02 -0.00735171
9790 -0.00779698
9789.99 -0.00822158
9789.98 -0.00860424
9789.97 -0.00887774
9789.96 -0.0089377
9789.94 -0.00875556
9789.93 -0.00844526
9789.92 -0.00817387
9789.91 -0.00800975
9789.89 -0.0078945
9789.88 -0.00776152
9789.87 -0.0076282
9789.86 -0.00754667
9789.85 -0.0075042
9789.83 -0.00741964
9789.82 -0.0072446
9789.81 -0.00704812
9789.8 -0.00698067
9789.79 -0.00714092
9789.77 -0.00747098
9789.76 -0.00778271
9789.75 -0.00790106
9789.74 -0.00780292
9789.72 -0.00762337
9789.71 -0.00752142
9789.7 -0.00753991
9789.69 -0.00759335
9789.68 -0.00757313
9789.66 -0.00744728
9789.65 -0.00726428
9789.64 -0.00708899
9789.63 -0.00696692
9789.61 -0.00694803
9789.6 -0.00708528
9789.59 -0.00735308
9789.58 -0.0075952
9789.56 -0.00762501
9789.55 -0.00739381
9789.54 -0.00703305
9789.53 -0.00673192
9789.52 -0.00660045
9789.5 -0.00665731
9789.49 -0.0069115
9789.48 -0.00739384
9789.47 -0.0080807
9789.46 -0.00881839
9789.44 -0.00937319
9789.43 -0.00958631
9789.42 -0.00949157
9789.41 -0.00927994
9789.39 -0.00913955
9789.38 -0.00911889
9789.37 -0.00913142
9789.36 -0.00907428
9789.35 -0.00893361
9789.33 -0.00878329
9789.32 -0.00869443
9789.31 -0.00865991
9789.3 -0.00862007
9789.28 -0.00854771
9789.27 -0.00846676
9789.26 -0.00838239
9789.25 -0.00824668
9789.24 -0.00803422
9789.22 -0.00782383
9789.21 -0.0077547
9789.2 -0.00789595
9789.19 -0.00818961
9789.17 -0.00852412
9789.16 -0.00882806
9789.15 -0.00907852
9789.14 -0.00925848
9789.13 -0.00934986
9789.11 -0.00935891
9789.1 -0.0093072
9789.09 -0.00918548
9789.08 -0.00894444
9789.07 -0.00855796
9789.05 -0.0080934
9789.04 -0.00769627
9789.03 -0.00748606
9789.02 -0.00746934
9789 -0.0075647
9788.99 -0.00769864
9788.98 -0.00785306
9788.97 -0.00802445
9788.96 -0.00816907
9788.94 -0.00820831
9788.93 -0.00808603
9788.92 -0.00781925
9788.91 -0.00750474
9788.89 -0.00727904
9788.88 -0.00724932
9788.87 -0.00744328
9788.86 -0.00782227
9788.84 -0.00831996
9788.83 -0.00883518
9788.82 -0.00921164
9788.81 -0.00929237
9788.8 -0.00902283
9788.78 -0.00849808
9788.77 -0.00792257
9788.76 -0.00751601
9788.75 -0.00740025
9788.74 -0.00753247
9788.72 -0.0077539
9788.71 -0.00792591
9788.7 -0.00802509
9788.69 -0.00810286
9788.67 -0.00816583
9788.66 -0.0081343
9788.65 -0.00793861
9788.64 -0.00763076
9788.62 -0.00737491
9788.61 -0.00733781
9788.6 -0.00759348
9788.59 -0.00810009
9788.58 -0.00873327
9788.56 -0.00935229
9788.55 -0.00986961
9788.54 -0.0102694
9788.53 -0.0105544
9788.52 -0.0106889
9788.5 -0.0106165
9788.49 -0.0103304
9788.48 -0.00990245
9788.47 -0.00943557
9788.46 -0.00900286
9788.44 -0.00863096
9788.43 -0.00832575
9788.42 -0.00810915
9788.41 -0.00803405
9788.39 -0.00815616
9788.38 -0.0084856
9788.37 -0.00896943
9788.36 -0.00951378
9788.34 -0.0100128
9788.33 -0.0103711
9788.32 -0.0105275
9788.31 -0.0104817
9788.3 -0.0103153
9788.28 -0.010179
9788.27 -0.0101928
9788.26 -0.0103112
9788.25 -0.0103268
9788.23 -0.0100642
9788.22 -0.00955854
9788.21 -0.00901043
9788.2 -0.0085808
9788.19 -0.00827359
9788.17 -0.0080187
9788.16 -0.00782191
9788.15 -0.00778589
9788.14 -0.00798907
9788.12 -0.00839065
9788.11 -0.00886754
9788.1 -0.00929983
9788.09 -0.00959592
9788.08 -0.00967748
9788.06 -0.00949396
9788.05 -0.00906787
9788.04 -0.00852023
9788.03 -0.00803878
9788.01 -0.00779394
9788 -0.00785534
9787.99 -0.00817284
9787.98 -0.00862783
9787.97 -0.00909143
9787.95 -0.00944767
9787.94 -0.00961536
9787.93 -0.00959675
9787.92 -0.00949491
9787.91 -0.00944356
9787.89 -0.00950542
9787.88 -0.00963796
9787.87 -0.00973788
9787.86 -0.0097019
9787.84 -0.00946694
9787.83 -0.00903895
9787.82 -0.00851383
9787.81 -0.00806311
9787.8 -0.00785799
9787.78 -0.00795812
9787.77 -0.00825304
9787.76 -0.0085248
9787.75 -0.00859261
9787.73 -0.00841954
9787.72 -0.00810221
9787.71 -0.00777784
9787.7 -0.00754467
9787.69 -0.00745013
9787.67 -0.0075153
9787.66 -0.00773167
9787.65 -0.00802306
9787.64 -0.00825189
9787.62 -0.00831886
9787.61 -0.00825568
9787.6 -0.00818306
9787.59 -0.00818368
9787.58 -0.00824364
9787.56 -0.00830462
9787.55 -0.00834804
9787.54 -0.00842392
9787.53 -0.00858244
9787.51 -0.00877124
9787.5 -0.0088449
9787.49 -0.00871047
9787.48 -0.0084275
9787.47 -0.00813437
9787.45 -0.0079157
9787.44 -0.00777532
9787.43 -0.00770397
9787.42 -0.00772494
9787.4 -0.00787702
9787.39 -0.00818765
9787.38 -0.00866086
9787.37 -0.0092409
9787.36 -0.00976897
9787.34 -0.0100392
9787.33 -0.0099714
9787.32 -0.00972776
9787.31 -0.00960336
9787.29 -0.00976577
9787.28 -0.0101099
9787.27 -0.0103809
9787.26 -0.010422
9787.25 -0.0102772
9787.23 -0.0100766
9787.22 -0.00988172
9787.21 -0.00966077
9787.2 -0.00935418
9787.19 -0.00892464
9787.17 -0.00839281
9787.16 -0.00788392
9787.15 -0.00760654
9787.14 -0.00770723
9787.12 -0.00812382
9787.11 -0.00861117
9787.1 -0.00892554
9787.09 -0.00898459
9787.07 -0.00887601
9787.06 -0.00875431
9787.05 -0.00872918
9787.04 -0.00881496
9787.03 -0.00896596
9787.01 -0.0091543
9787 -0.0093961
9786.99 -0.00970278
9786.98 -0.0100367
9786.96 -0.010325
9786.95 -0.0105007
9786.94 -0.0105266
9786.93 -0.0103976
9786.92 -0.0101362
9786.9 -0.00978994
9786.89 -0.00942042
9786.88 -0.00907272
9786.87 -0.00875119
9786.86 -0.00843418
9786.84 -0.00811127
9786.83 -0.00779767
9786.82 -0.00751874
9786.81 -0.00730331
9786.79 -0.00719641
9786.78 -0.00725202
9786.77 -0.00749624
9786.76 -0.00790019
9786.75 -0.00837874
9786.73 -0.00881003
9786.72 -0.00909154
9786.71 -0.00921647
9786.7 -0.00928939
9786.68 -0.00943619
9786.67 -0.00968415
9786.66 -0.00993601
9786.65 -0.0100728
9786.64 -0.01008
9786.62 -0.0100499
9786.61 -0.010054
9786.6 -0.0100482
9786.59 -0.00993665
9786.58 -0.0097033
9786.56 -0.00944453
9786.55 -0.00928508
9786.54 -0.00928309
9786.53 -0.00939322
9786.51 -0.00949383
9786.5 -0.00946779
9786.49 -0.0092873
9786.48 -0.00902641
9786.46 -0.0087982
9786.45 -0.00869218
9786.44 -0.00874348
9786.43 -0.00890656
9786.42 -0.00905347
9786.4 -0.00905147
9786.39 -0.00888451
9786.38 -0.00869468
9786.37 -0.00868326
9786.35 -0.00895486
9786.34 -0.00943797
9786.33 -0.00993999
9786.32 -0.0102889
9786.31 -0.0104442
9786.29 -0.0104831
9786.28 -0.0104972
9786.27 -0.0105275
9786.26 -0.0105911
9786.25 -0.0107229
9786.23 -0.0109377
9786.22 -0.0111505
9786.21 -0.0111907
9786.2 -0.0109416
9786.18 -0.0104538
9786.17 -0.0098972
9786.16 -0.0094152
9786.15 -0.00905508
9786.14 -0.00883093
9786.12 -0.00879672
9786.11 -0.00900404
9786.1 -0.00939872
9786.09 -0.00981349
9786.07 -0.0100912
9786.06 -0.0102041
9786.05 -0.0102339
9786.04 -0.0102411
9786.03 -0.01018
9786.01 -0.0099636
9786 -0.00958704
9785.99 -0.00915269
9785.98 -0.00878453
9785.96 -0.00856113
9785.95 -0.00853165
9785.94 -0.00873872
9785.93 -0.00918316
9785.92 -0.00977951
9785.9 -0.0103682
9785.89 -0.0107823
9785.88 -0.0109411
9785.87 -0.0109255
9785.85 -0.0109474
9785.84 -0.0111888
9785.83 -0.0116472
9785.82 -0.0121387
9785.81 -0.0124462
9785.79 -0.0124528
9785.78 -0.0121553
9785.77 -0.0116141
9785.76 -0.010954
9785.74 -0.0103839
9785.73 -0.0101175
9785.72 -0.0102232
9785.71 -0.0105711
9785.7 -0.010933
9785.68 -0.011115
9785.67 -0.0110191
9785.66 -0.0106552
9785.65 -0.0101432
9785.63 -0.00966774
9785.62 -0.00936681
9785.61 -0.00924533
9785.6 -0.00921005
9785.59 -0.0091923
9785.57 -0.00922969
9785.56 -0.00942604
9785.55 -0.00983029
9785.54 -0.0103477
9785.53 -0.0107668
9785.51 -0.0108907
9785.5 -0.0106755
9785.49 -0.0102739
9785.48 -0.00994945
9785.46 -0.00990819
9785.45 -0.0101547
9785.44 -0.0104921
9785.43 -0.0106896
9785.42 -0.0106769
9785.4 -0.0105817
9785.39 -0.0105927
9785.38 -0.0108064
9785.37 -0.0111915
9785.35 -0.0116567
9785.34 -0.01212
9785.33 -0.0125167
9785.32 -0.0127624
9785.3 -0.0127484
9785.29 -0.0124212
9785.28 -0.0118741
9785.27 -0.0113187
9785.26 -0.010935
9785.24 -0.0107572
9785.23 -0.0106976
9785.22 -0.0106482
9785.21 -0.010558
9785.2 -0.0104394
9785.18 -0.0103189
9785.17 -0.0101925
9785.16 -0.010047
9785.15 -0.00991419
9785.13 -0.00986446
9785.12 -0.00992701
9785.11 -0.0100447
9785.1 -0.0101335
9785.08 -0.010164
9785.07 -0.0101544
9785.06 -0.0101112
9785.05 -0.0100271
9785.04 -0.00993738
9785.02 -0.00994297
9785.01 -0.0101538
9785 -0.0105881
9784.99 -0.0111039
9784.98 -0.0114478
9784.96 -0.0114292
9784.95 -0.0110817
9784.94 -0.0106482
9784.93 -0.010379
9784.91 -0.010324
9784.9 -0.0103199
9784.89 -0.0101872
9784.88 -0.00992543
9784.87 -0.00969893
9784.85 -0.00965984
9784.84 -0.0098202
9784.83 -0.0100719
9784.82 -0.0102715
9784.8 -0.0103116
9784.79 -0.0101747
9784.78 -0.0099614
9784.77 -0.00985319
9784.75 -0.01001
9784.74 -0.0104658
9784.73 -0.0110947
9784.72 -0.0116824
9784.71 -0.0120542
9784.69 -0.012154
9784.68 -0.0120218
9784.67 -0.0117372
9784.66 -0.0113975
9784.65 -0.0111076
9784.63 -0.0109257
9784.62 -0.0107992
9784.61 -0.0105989
9784.6 -0.0102676
9784.58 -0.00993121
9784.57 -0.0098206
9784.56 -0.0100662
9784.55 -0.0105841
9784.54 -0.0111694
9784.52 -0.0116732
9784.51 -0.0120603
9784.5 -0.0123319
9784.49 -0.0124621
9784.47 -0.0124311
9784.46 -0.012277
9784.45 -0.0120767
9784.44 -0.0118787
9784.43 -0.0116742
9784.41 -0.0114423
9784.4 -0.0112093
9784.39 -0.0110571
9784.38 -0.0110709
9784.37 -0.0112782
9784.35 -0.0116287
9784.34 -0.0120266
9784.33 -0.0123734
9784.32 -0.0125806
9784.3 -0.0125676
9784.29 -0.0122954
9784.28 -0.0118291
9784.27 -0.0113517
9784.26 -0.0110695
9784.24 -0.0110706
9784.23 -0.0112643
9784.22 -0.0114629
9784.21 -0.0115361
9784.19 -0.0115012
9784.18 -0.0114701
9784.17 -0.0115075
9784.16 -0.0115493
9784.14 -0.0114738
9784.13 -0.0112551
9784.12 -0.0110265
9784.11 -0.0109743
9784.1 -0.0111719
9784.08 -0.0115359
9784.07 -0.0119271
9784.06 -0.0122612
9784.05 -0.0125242
9784.04 -0.0127194
9784.02 -0.0128225
9784.01 -0.0127798
9784 -0.0125466
9783.99 -0.0121508
9783.97 -0.0117286
9783.96 -0.0114634
9783.95 -0.0114554
9783.94 -0.0116547
9783.93 -0.0119247
9783.91 -0.0121426
9783.9 -0.012242
9783.89 -0.0122165
9783.88 -0.0121211
9783.86 -0.0120453
9783.85 -0.0120406
9783.84 -0.0120572
9783.83 -0.0119654
9783.82 -0.0116755
9783.8 -0.0112623
9783.79 -0.010944
9783.78 -0.0108929
9783.77 -0.0110768
9783.75 -0.011305
9783.74 -0.0114107
9783.73 -0.0113789
9783.72 -0.0113425
9783.71 -0.0114759
9783.69 -0.0118559
9783.68 -0.0123961
9783.67 -0.0129191
9783.66 -0.0132895
9783.65 -0.0134703
9783.63 -0.0134652
9783.62 -0.0132527
9783.61 -0.0128277
9783.6 -0.012303
9783.58 -0.0118962
9783.57 -0.011769
9783.56 -0.011898
9783.55 -0.0121228
9783.53 -0.0122979
9783.52 -0.0123858
9783.51 -0.0124368
9783.5 -0.0125083
9783.49 -0.0125934
9783.47 -0.0126068
9783.46 -0.0124486
9783.45 -0.0121039
9783.44 -0.0116757
9783.42 -0.011314
9783.41 -0.0111274
9783.4 -0.0111594
9783.39 -0.0114037
9783.38 -0.0118088
9783.36 -0.0122749
9783.35 -0.0126638
9783.34 -0.0128349
9783.33 -0.0127138
9783.32 -0.0123595
9783.3 -0.0119699
9783.29 -0.0117964
9783.28 -0.0120037
9783.27 -0.0125463
9783.25 -0.0131694
9783.24 -0.013573
9783.23 -0.0136174
9783.22 -0.0133762
9783.21 -0.0130106
9783.19 -0.0126357
9783.18 -0.0123089
9783.17 -0.0120901
9783.16 -0.0120495
9783.14 -0.012201
9783.13 -0.0124542
9783.12 -0.0126615
9783.11 -0.0127253
9783.1 -0.0126627
9783.08 -0.0125753
9783.07 -0.012582
9783.06 -0.0127721
9783.05 -0.0131634
9783.04 -0.0136533
9783.02 -0.014031
9783.01 -0.0140924
9783 -0.0137858
9782.99 -0.0132589
9782.97 -0.0127555
9782.96 -0.0124453
9782.95 -0.0123399
9782.94 -0.0123425
9782.92 -0.0123491
9782.91 -0.0123118
9782.9 -0.0122508
9782.89 -0.0122242
9782.88 -0.0122634
9782.86 -0.0123229
9782.85 -0.0123022
9782.84 -0.0121282
9782.83 -0.0118174
9782.81 -0.0114627
9782.8 -0.0111636
9782.79 -0.0109556
9782.78 -0.0107987
9782.77 -0.0106485
9782.75 -0.0105464
9782.74 -0.0106215
9782.73 -0.0109814
9782.72 -0.0116008
9782.71 -0.0123288
9782.69 -0.0129981
9782.68 -0.013506
9782.67 -0.0137809
9782.66 -0.01371
9782.64 -0.0131888
9782.63 -0.0122932
9782.62 -0.0113438
9782.61 -0.0107149
9782.59 -0.0105693
9782.58 -0.0108057
9782.57 -0.0112177
9782.56 -0.011639
9782.55 -0.0119719
9782.53 -0.0121796
9782.52 -0.0123021
9782.51 -0.0124422
9782.5 -0.0126855
9782.49 -0.0130232
9782.47 -0.0133623
9782.46 -0.0135979
9782.45 -0.0136663
9782.44 -0.0135528
9782.42 -0.0133069
9782.41 -0.0130692
9782.4 -0.0130177
9782.39 -0.0132136
9782.38 -0.0135071
9782.36 -0.0136523
9782.35 -0.0135279
9782.34 -0.0132365
9782.33 -0.0130136
9782.31 -0.0130623
9782.3 -0.0134339
9782.29 -0.0139961
9782.28 -0.0144904
9782.27 -0.0146652
9782.25 -0.0144125
9782.24 -0.0138234
9782.23 -0.0131389
9782.22 -0.0126308
9782.2 -0.0124678
9782.19 -0.01264
9782.18 -0.0129956
9782.17 -0.013359
9782.16 -0.0136163
9782.14 -0.0137048
9782.13 -0.0135767
9782.12 -0.0132261
9782.11 -0.0127514
9782.09 -0.0123364
9782.08 -0.0121265
9782.07 -0.0121256
9782.06 -0.0122414
9782.05 -0.0124214
9782.03 -0.0127063
9782.02 -0.0131431
9782.01 -0.0136871
9782 -0.0142105
9781.98 -0.0145921
9781.97 -0.0147902
9781.96 -0.0148407
9781.95 -0.0147916
9781.94 -0.0146409
9781.92 -0.0143438
9781.91 -0.0138863
9781.9 -0.0133458
9781.89 -0.0128567
9781.88 -0.0124979
9781.86 -0.0122349
9781.85 -0.0120037
9781.84 -0.0118242
9781.83 -0.0117765
9781.81 -0.011871
9781.8 -0.0120156
9781.79 -0.0121347
9781.78 -0.0122636
9781.76 -0.0124779
9781.75 -0.0127642
9781.74 -0.0130136
9781.73 -0.0131225
9781.72 -0.0130487
9781.7 -0.0127973
9781.69 -0.0124493
9781.68 -0.0122103
9781.67 -0.0123145
9781.66 -0.0128003
9781.64 -0.0134249
9781.63 -0.0138577
9781.62 -0.0139404
9781.61 -0.0137393
9781.59 -0.0133978
9781.58 -0.0130179
9781.57 -0.0126817
9781.56 -0.0124863
9781.54 -0.0124708
9781.53 -0.0125459
9781.52 -0.0125733
9781.51 -0.012509
9781.5 -0.0124183
9781.48 -0.0123644
9781.47 -0.0123368
9781.46 -0.0122937
9781.45 -0.0122254
9781.44 -0.0121592
9781.42 -0.0121229
9781.41 -0.0121115
9781.4 -0.0120795
9781.39 -0.0119816
9781.37 -0.0118427
9781.36 -0.011769
9781.35 -0.0118588
9781.34 -0.012101
9781.33 -0.0123774
9781.31 -0.012557
9781.3 -0.0125747
9781.29 -0.0124355
9781.28 -0.0121781
9781.26 -0.0118615
9781.25 -0.0115754
9781.24 -0.0114166
9781.23 -0.0114185
9781.21 -0.0115265
9781.2 -0.0116674
9781.19 -0.0118229
9781.18 -0.0120266
9781.17 -0.0123164
9781.16 -0.0126934
9781.14 -0.0131032
9781.13 -0.013456
9781.12 -0.0136832
9781.11 -0.0137752
9781.09 -0.0137717
9781.08 -0.0137317
9781.07 -0.0137154
9781.06 -0.013763
9781.04 -0.0138763
9781.03 -0.0140308
9781.02 -0.014201
9781.01 -0.0143437
9781 -0.0143625
9780.98 -0.0141355
9780.97 -0.013611
9780.96 -0.012871
9780.95 -0.0121223
9780.93 -0.0116388
9780.92 -0.0116455
9780.91 -0.0121569
9780.9 -0.0129113
9780.89 -0.0135343
9780.87 -0.0138214
9780.86 -0.0138651
9780.85 -0.013913
9780.84 -0.0141142
9780.83 -0.0144008
9780.81 -0.0145915
9780.8 -0.0145857
9780.79 -0.0144434
9780.78 -0.0142938
9780.76 -0.0142068
9780.75 -0.0141688
9780.74 -0.0141594
9780.73 -0.0142231
9780.72 -0.014446
9780.7 -0.0148486
9780.69 -0.0153074
9780.68 -0.0156034
9780.67 -0.0155622
9780.65 -0.0151561
9780.64 -0.0145107
9780.63 -0.0138568
9780.62 -0.0134428
9780.6 -0.0133995
9780.59 -0.0136455
9780.58 -0.0139427
9780.57 -0.0140584
9780.56 -0.0139035
9780.54 -0.0135678
9780.53 -0.0132572
9780.52 -0.013181
9780.51 -0.0134487
9780.5 -0.0140203
9780.48 -0.0147187
9780.47 -0.0152911
9780.46 -0.0155121
9780.45 -0.0152994
9780.43 -0.0147648
9780.42 -0.0141314
9780.41 -0.0135833
9780.4 -0.0131895
9780.39 -0.0129338
9780.37 -0.0127599
9780.36 -0.0125955
9780.35 -0.0123964
9780.34 -0.0121973
9780.32 -0.0120925
9780.31 -0.0121488
9780.3 -0.0123432
9780.29 -0.0125906
9780.28 -0.0128325
9780.26 -0.0130912
9780.25 -0.0134251
9780.24 -0.0138204
9780.23 -0.0141584
9780.21 -0.0143375
9780.2 -0.0144133
9780.19 -0.0145475
9780.18 -0.0148078
9780.17 -0.0150792
9780.15 -0.0151864
9780.14 -0.015043
9780.13 -0.0146795
9780.12 -0.0142107
9780.11 -0.0138005
9780.09 -0.0135864
9780.08 -0.0135975
9780.07 -0.0137708
9780.06 -0.014049
9780.04 -0.0144165
9780.03 -0.0148331
9780.02 -0.0151812
9780.01 -0.015314
9779.99 -0.0151508
9779.98 -0.0147328
9779.97 -0.0142113
9779.96 -0.0137722
9779.95 -0.0135325
9779.93 -0.0135021
9779.92 -0.0136536
9779.91 -0.0139918
9779.9 -0.0145139
9779.88 -0.0151172
9779.87 -0.0155925
9779.86 -0.0157248
9779.85 -0.0154153
9779.84 -0.0147506
9779.82 -0.0139914
9779.81 -0.0134534
9779.8 -0.0133074
9779.79 -0.0134684
9779.78 -0.0137167
9779.76 -0.0139251
9779.75 -0.0141306
9779.74 -0.0144119
9779.73 -0.0147702
9779.71 -0.0151352
9779.7 -0.0154287
9779.69 -0.0155962
9779.68 -0.0156239
9779.67 -0.0155532
9779.65 -0.0154529
9779.64 -0.015355
9779.63 -0.0152318
9779.62 -0.0150553
9779.6 -0.0148753
9779.59 -0.0148207
9779.58 -0.0149886
9779.57 -0.0153191
9779.56 -0.0156049
9779.54 -0.0156569
9779.53 -0.0154616
9779.52 -0.015166
9779.51 -0.0149149
9779.5 -0.0147183
9779.48 -0.0144771
9779.47 -0.0141228
9779.46 -0.0137277
9779.45 -0.0134914
9779.43 -0.0136087
9779.42 -0.0141153
9779.41 -0.0148396
9779.4 -0.0155115
9779.38 -0.0159242
9779.37 -0.016014
9779.36 -0.0158349
9779.35 -0.0154948
9779.34 -0.0151033
9779.32 -0.0147468
9779.31 -0.0144898
9779.3 -0.0143692
9779.29 -0.0143468
9779.27 -0.0142921
9779.26 -0.0140836
9779.25 -0.0137528
9779.24 -0.0134941
9779.23 -0.0135218
9779.21 -0.0139172
9779.2 -0.0145834
9779.19 -0.0153109
9779.18 -0.0159014
9779.17 -0.0162643
9779.15 -0.0164172
9779.14 -0.0164008
9779.13 -0.0162248
9779.12 -0.0159154
9779.1 -0.0155856
9779.09 -0.0154059
9779.08 -0.0154875
9779.07 -0.0158013
9779.05 -0.016205
9779.04 -0.0165347
9779.03 -0.0166876
9779.02 -0.0166533
9779.01 -0.0164825
9778.99 -0.0162196
9778.98 -0.0158665
9778.97 -0.015421
9778.96 -0.0149321
9778.95 -0.014489
9778.93 -0.0141575
9778.92 -0.0139612
9778.91 -0.0139226
9778.9 -0.0140603
9778.88 -0.0143194
9778.87 -0.0145626
9778.86 -0.0146819
9778.85 -0.0146979
9778.84 -0.0147323
9778.82 -0.0149114
9778.81 -0.0152869
9778.8 -0.0157792
9778.79 -0.0161661
9778.77 -0.0161831
9778.76 -0.0157033
9778.75 -0.0148512
9778.74 -0.0139552
9778.73 -0.0133828
9778.71 -0.0133598
9778.7 -0.0138658
9778.69 -0.0146782
9778.68 -0.0155421
9778.66 -0.0163125
9778.65 -0.0169425
9778.64 -0.0173715
9778.63 -0.0174883
9778.62 -0.0172292
9778.6 -0.016679
9778.59 -0.0160379
9778.58 -0.0154943
9778.57 -0.0151508
9778.55 -0.0150419
9778.54 -0.0151578
9778.53 -0.0154346
9778.52 -0.0157642
9778.51 -0.0160393
9778.49 -0.0161935
9778.48 -0.0162193
9778.47 -0.0161705
9778.46 -0.0161243
9778.44 -0.0161137
9778.43 -0.0161108
9778.42 -0.016094
9778.41 -0.0161065
9778.4 -0.016216
9778.38 -0.0164168
9778.37 -0.0165869
9778.36 -0.0165602
9778.35 -0.0162674
9778.33 -0.0158248
9778.32 -0.0154732
9778.31 -0.0154068
9778.3 -0.0156448
9778.29 -0.0160348
9778.27 -0.0163472
9778.26 -0.0163905
9778.25 -0.0161067
9778.24 -0.0156148
9778.23 -0.0151607
9778.21 -0.014985
9778.2 -0.0151995
9778.19 -0.0157606
9778.18 -0.01652
9778.16 -0.0172695
9778.15 -0.0177706
9778.14 -0.0178399
9778.13 -0.0174842
9778.12 -0.016942
9778.1 -0.0165224
9778.09 -0.0163586
9778.08 -0.0163275
9778.07 -0.0162252
9778.05 -0.0160018
9778.04 -0.0158036
9778.03 -0.015794
9778.02 -0.0159554
9778 -0.0160791
9777.99 -0.0159554
9777.98 -0.0155705
9777.97 -0.0151044
9777.96 -0.0147444
9777.94 -0.0145358
9777.93 -0.0144222
9777.92 -0.0143965
9777.91 -0.014565
9777.9 -0.0150377
9777.88 -0.0157681
9777.87 -0.0165439
9777.86 -0.0171449
9777.85 -0.017484
9777.83 -0.0176103
9777.82 -0.0176368
9777.81 -0.0176726
9777.8 -0.0177732
9777.79 -0.0179191
9777.77 -0.018033
9777.76 -0.0180154
9777.75 -0.0177789
9777.74 -0.0172942
9777.72 -0.0166463
9777.71 -0.0160431
9777.7 -0.015724
9777.69 -0.0158047
9777.67 -0.0161954
9777.66 -0.0166857
9777.65 -0.0171104
9777.64 -0.0174235
9777.63 -0.0176299
9777.62 -0.0176999
9777.6 -0.0175971
9777.59 -0.0173853
9777.58 -0.0172387
9777.57 -0.0172828
9777.55 -0.0174363
9777.54 -0.017466
9777.53 -0.0172082
9777.52 -0.0167114
9777.5 -0.0161664
9777.49 -0.0157319
9777.48 -0.0154421
9777.47 -0.0152642
9777.46 -0.0152116
9777.44 -0.0153602
9777.43 -0.0157339
9777.42 -0.0162048
9777.41 -0.0165507
9777.39 -0.016625
9777.38 -0.0164667
9777.37 -0.0162452
9777.36 -0.0161019
9777.35 -0.0160547
9777.33 -0.0160449
9777.32 -0.0160301
9777.31 -0.0160074
9777.3 -0.0160001
9777.29 -0.0160719
9777.27 -0.0163084
9777.26 -0.0167172
9777.25 -0.0171537
9777.24 -0.0173987
9777.22 -0.0173234
9777.21 -0.016983
9777.2 -0.0165669
9777.19 -0.0162599
9777.18 -0.0161309
9777.16 -0.0161378
9777.15 -0.0162198
9777.14 -0.0163498
9777.13 -0.0164841
9777.11 -0.0164939
9777.1 -0.0161833
9777.09 -0.0153651
9777.08 -0.0139303
9777.07 -0.0119676
9777.05 -0.00993273
9777.04 -0.00856429
9777.03 -0.00831949
9777.02 -0.0088134
9777 -0.00911081
9776.99 -0.00885686
9776.98 -0.00898495
9776.97 -0.0108769
9776.96 -0.0146739
9776.94 -0.0187848
9776.93 -0.021324
9776.92 -0.0217449
9776.91 -0.020875
9776.89 -0.0197724
9776.88 -0.0189169
9776.87 -0.0182609
9776.86 -0.0176303
9776.85 -0.0169845
9776.83 -0.0164471
9776.82 -0.016186
9776.81 -0.0162373
9776.8 -0.0163791
9776.78 -0.0161327
9776.77 -0.0149447
9776.76 -0.0125895
9776.75 -0.00960746
9776.74 -0.00720993
9776.72 -0.00631246
9776.71 -0.00650281
9776.7 -0.00636276
9776.69 -0.00522162
9776.67 -0.00440523
9776.66 -0.00613717
9776.65 -0.0109531
9776.64 -0.0166858
9776.63 -0.0204242
9776.61 -0.021097
9776.6 -0.0198111
9776.59 -0.0182462
9776.58 -0.017328
9776.57 -0.01713
9776.55 -0.0173594
9776.54 -0.0177187
9776.53 -0.0180119
9776.52 -0.0181252
9776.5 -0.0179897
9776.49 -0.0175769
9776.48 -0.0169149
9776.47 -0.0160716
9776.46 -0.0151282
9776.44 -0.0142272
9776.43 -0.0136204
9776.42 -0.0135088
9776.41 -0.0137534
9776.39 -0.0138946
9776.38 -0.0136668
9776.37 -0.0134745
9776.36 -0.0141149
9776.34 -0.0158796
9776.33 -0.0180983
9776.32 -0.0197703
9776.31 -0.0205076
9776.3 -0.0206449
9776.28 -0.0206064
9776.27 -0.0204818
9776.26 -0.0201688
9776.25 -0.0196477
9776.24 -0.0190317
9776.22 -0.0184722
9776.21 -0.0180992
9776.2 -0.0180006
9776.19 -0.018177
9776.17 -0.018503
9776.16 -0.0187872
9776.15 -0.018909
9776.14 -0.0188969
9776.12 -0.0188691
9776.11 -0.0189146
9776.1 -0.0190257
9776.09 -0.0191053
9776.08 -0.0190183
9776.06 -0.0186772
9776.05 -0.0181247
9776.04 -0.0175282
9776.03 -0.0170741
9776.02 -0.0168587
9776 -0.0168656
9775.99 -0.017024
9775.98 -0.0172867
9775.97 -0.0176503
9775.96 -0.0180921
9775.94 -0.0184955
9775.93 -0.018675
9775.92 -0.0185123
9775.91 -0.0180779
9775.89 -0.0176012
9775.88 -0.0173049
9775.87 -0.0172555
9775.86 -0.0173598
9775.84 -0.0174863
9775.83 -0.0175814
9775.82 -0.0176825
9775.81 -0.0178441
9775.8 -0.0180629
9775.78 -0.0182781
9775.77 -0.0184449
9775.76 -0.0186021
9775.75 -0.0188407
9775.73 -0.0191823
9775.72 -0.0195003
9775.71 -0.0195958
9775.7 -0.0193642
9775.69 -0.0188799
9775.67 -0.0183391
9775.66 -0.0179445
9775.65 -0.017814
9775.64 -0.0179281
9775.62 -0.0181454
9775.61 -0.0183079
9775.6 -0.0183649
9775.59 -0.0183884
9775.58 -0.0184749
9775.56 -0.0186557
9775.55 -0.01889
9775.54 -0.0191045
9775.53 -0.0192316
9775.51 -0.0192358
9775.5 -0.0191268
9775.49 -0.0189609
9775.48 -0.0188383
9775.47 -0.0188705
9775.45 -0.0191077
9775.44 -0.0194835
9775.43 -0.0198389
9775.42 -0.0200098
9775.41 -0.0199118
9775.39 -0.0195787
9775.38 -0.0191458
9775.37 -0.0187819
9775.36 -0.0185997
9775.34 -0.0185972
9775.33 -0.0186812
9775.32 -0.0187566
9775.31 -0.0188012
9775.3 -0.0188592
9775.28 -0.0189604
9775.27 -0.0190425
9775.26 -0.0189734
9775.25 -0.0186837
9775.23 -0.0182909
9775.22 -0.0180669
9775.21 -0.0182516
9775.2 -0.0188744
9775.18 -0.0197275
9775.17 -0.0204802
9775.16 -0.0208343
9775.15 -0.0206496
9775.14 -0.0200022
9775.12 -0.0191412
9775.11 -0.0183499
9775.1 -0.0178045
9775.09 -0.0175349
9775.08 -0.0174958
9775.06 -0.017635
9775.05 -0.0178836
9775.04 -0.0181327
9775.03 -0.0182873
9775.01 -0.0183531
9775 -0.0184312
9774.99 -0.018609
9774.98 -0.0188773
9774.97 -0.0191474
9774.95 -0.0193082
9774.94 -0.0192641
9774.93 -0.018982
9774.92 -0.0185426
9774.9 -0.0181162
9774.89 -0.0178486
9774.88 -0.0177651
9774.87 -0.0177869
9774.86 -0.0178315
9774.84 -0.0178832
9774.83 -0.0179737
9774.82 -0.0181275
9774.81 -0.0183565
9774.79 -0.0186856
9774.78 -0.0191327
9774.77 -0.019637
9774.76 -0.0200296
9774.75 -0.0201198
9774.73 -0.0198445
9774.72 -0.0193405
9774.71 -0.0188531
9774.7 -0.0185447
9774.69 -0.0183768
9774.67 -0.0181836
9774.66 -0.0178611
9774.65 -0.0174591
9774.64 -0.0171105
9774.62 -0.0169295
9774.61 -0.016982
9774.6 -0.0172818
9774.59 -0.017773
9774.57 -0.0183424
9774.56 -0.0188812
9774.55 -0.0193333
9774.54 -0.0196912
9774.53 -0.0199672
9774.51 -0.0201799
9774.5 -0.0203549
9774.49 -0.0205109
9774.48 -0.02063
9774.46 -0.02065
9774.45 -0.0205067
9774.44 -0.0201874
9774.43 -0.0197369
9774.42 -0.0192393
9774.4 -0.0188146
9774.39 -0.0185883
9774.38 -0.0185889
9774.37 -0.0186735
9774.36 -0.0186172
9774.34 -0.0183301
9774.33 -0.0179854
9774.32 -0.0179041
9774.31 -0.0182816
9774.29 -0.019003
9774.28 -0.0197105
9774.27 -0.0200525
9774.26 -0.0199084
9774.25 -0.0194434
9774.23 -0.0189783
9774.22 -0.0187772
9774.21 -0.0189138
9774.2 -0.0192955
9774.18 -0.0197735
9774.17 -0.0202208
9774.16 -0.0205461
9774.15 -0.0206837
9774.14 -0.0206036
9774.12 -0.0203412
9774.11 -0.0200072
9774.1 -0.0197477
9774.09 -0.0196687
9774.08 -0.019772
9774.06 -0.0199659
9774.05 -0.0201641
9774.04 -0.0203633
9774.03 -0.0205955
9774.01 -0.0208374
9774 -0.0210191
9773.99 -0.0210894
9773.98 -0.0210227
9773.96 -0.0207996
9773.95 -0.0204385
9773.94 -0.02003
9773.93 -0.0196907
9773.92 -0.0194895
9773.9 -0.0194476
9773.89 -0.0195716
9773.88 -0.0198191
9773.87 -0.0200444
9773.85 -0.0200684
9773.84 -0.0198523
9773.83 -0.0195655
9773.82 -0.0194417
9773.81 -0.0195703
9773.79 -0.0198233
9773.78 -0.019955
9773.77 -0.019779
9773.76 -0.0193097
9773.75 -0.0187776
9773.73 -0.0184827
9773.72 -0.0185826
9773.71 -0.0189888
9773.7 -0.0194535
9773.68 -0.019755
9773.67 -0.0198297
9773.66 -0.019777
9773.65 -0.0197599
9773.64 -0.0198816
9773.62 -0.0201216
9773.61 -0.0203748
9773.6 -0.0205529
9773.59 -0.0206461
9773.57 -0.0206939
9773.56 -0.0207215
9773.55 -0.0207209
9773.54 -0.0206786
9773.53 -0.0206128
9773.51 -0.020584
9773.5 -0.020661
9773.49 -0.0208507
9773.48 -0.0210587
9773.46 -0.0211448
9773.45 -0.0210314
9773.44 -0.0207518
9773.43 -0.0204099
9773.42 -0.0201365
9773.4 -0.0200773
9773.39 -0.0203341
9773.38 -0.0208505
9773.37 -0.021386
9773.35 -0.0216826
9773.34 -0.021679
9773.33 -0.0215281
9773.32 -0.0213952
9773.31 -0.0212767
9773.29 -0.0210426
9773.28 -0.0206309
9773.27 -0.0201573
9773.26 -0.0198356
9773.24 -0.0198117
9773.23 -0.0200661
9773.22 -0.0204497
9773.21 -0.0207995
9773.2 -0.0210319
9773.18 -0.021164
9773.17 -0.0212757
9773.16 -0.0214365
9773.15 -0.0216353
9773.13 -0.0217755
9773.12 -0.0217596
9773.11 -0.0215809
9773.1 -0.0213169
9773.09 -0.0210368
9773.07 -0.0207538
9773.06 -0.020482
9773.05 -0.0203033
9773.04 -0.0203335
9773.02 -0.0206273
9773.01 -0.0211346
9773 -0.021726
9772.99 -0.0222203
9772.98 -0.0224132
9772.96 -0.0221723
9772.95 -0.0215657
9772.94 -0.0208708
9772.93 -0.02039
9772.92 -0.0202218
9772.9 -0.0202125
9772.89 -0.0201372
9772.88 -0.0199248
9772.87 -0.0197195
9772.85 -0.0197575
9772.84 -0.0201812
9772.83 -0.0209235
9772.82 -0.0217427
9772.8 -0.0223908
9772.79 -0.0227704
9772.78 -0.0229298
9772.77 -0.0229419
9772.76 -0.0228459
9772.74 -0.0227007
9772.73 -0.0226231
9772.72 -0.0227214
9772.71 -0.0229959
9772.7 -0.0233154
9772.68 -0.0234879
9772.67 -0.0233802
9772.66 -0.0230224
9772.65 -0.0226121
9772.63 -0.0223707
9772.62 -0.0223721
9772.61 -0.0225253
9772.6 -0.0227032
9772.58 -0.022836
9772.57 -0.0228983
9772.56 -0.0228889
9772.55 -0.022859
9772.54 -0.0229088
9772.52 -0.0230968
9772.51 -0.0233612
9772.5 -0.023568
9772.49 -0.0236501
9772.48 -0.0236659
9772.46 -0.0237165
9772.45 -0.0238495
9772.44 -0.0240743
9772.43 -0.0244101
9772.41 -0.0248345
9772.4 -0.0251903
9772.39 -0.0252492
9772.38 -0.0249381
9772.37 -0.0244571
9772.35 -0.0241038
9772.34 -0.0240066
9772.33 -0.0240923
9772.32 -0.0242686
9772.3 -0.0245256
9772.29 -0.0248465
9772.28 -0.0251258
9772.27 -0.0252449
9772.25 -0.025197
9772.24 -0.0250962
9772.23 -0.0250858
9772.22 -0.0252675
9772.21 -0.0256775
9772.19 -0.0262504
9772.18 -0.0267903
9772.17 -0.0270666
9772.16 -0.0270248
9772.15 -0.0268865
9772.13 -0.0269622
9772.12 -0.0273452
9772.11 -0.0278164
9772.1 -0.0280525
9772.08 -0.0279083
9772.07 -0.0275148
9772.06 -0.0271549
9772.05 -0.0270743
9772.04 -0.0273751
9772.02 -0.0280012
9772.01 -0.0287751
9772 -0.0294989
9771.99 -0.0300964
9771.97 -0.0306534
9771.96 -0.0312722
9771.95 -0.0319088
9771.94 -0.0323949
9771.93 -0.0325899
9771.91 -0.0324719
9771.9 -0.0321402
9771.89 -0.0317878
9771.88 -0.0316065
9771.87 -0.0316289
9771.85 -0.0316774
9771.84 -0.0315323
9771.83 -0.0311676
9771.82 -0.0308064
9771.8 -0.0307452
9771.79 -0.0311303
9771.78 -0.0318773
9771.77 -0.0327418
9771.76 -0.0334507
9771.74 -0.0338582
9771.73 -0.0340645
9771.72 -0.0343505
9771.71 -0.0349212
9771.69 -0.0357128
9771.68 -0.0364772
9771.67 -0.0370254
9771.66 -0.0373493
9771.64 -0.0375225
9771.63 -0.0375435
9771.62 -0.0373264
9771.61 -0.0368455
9771.6 -0.0362333
9771.58 -0.0356951
9771.57 -0.0353631
9771.56 -0.0352754
9771.55 -0.0354702
9771.54 -0.0360352
9771.52 -0.037019
9771.51 -0.0382838
9771.5 -0.0395075
9771.49 -0.0404099
9771.47 -0.0409587
9771.46 -0.0412902
9771.45 -0.0414794
9771.44 -0.041492
9771.43 -0.0413252
9771.41 -0.0410961
9771.4 -0.0410105
9771.39 -0.0412815
9771.38 -0.0420036
9771.36 -0.0430241
9771.35 -0.0439769
9771.34 -0.0445211
9771.33 -0.0445798
9771.32 -0.0443596
9771.3 -0.0441597
9771.29 -0.0441651
9771.28 -0.0443861
9771.27 -0.044753
9771.25 -0.0452381
9771.24 -0.0458759
9771.23 -0.0466618
9771.22 -0.047452
9771.21 -0.047998
9771.19 -0.0480992
9771.18 -0.0477265
9771.17 -0.0470266
9771.16 -0.0462588
9771.15 -0.0457222
9771.13 -0.0456696
9771.12 -0.0461748
9771.11 -0.047014
9771.1 -0.0477321
9771.08 -0.0479635
9771.07 -0.0477391
9771.06 -0.047436
9771.05 -0.0474389
9771.03 -0.0478941
9771.02 -0.0487137
9771.01 0
9771 0
9770.99 0
9770.97 0
9770.96 0
9770.95 0
9770.94 0
9770.92 0
9770.91 0
9770.9 0
