9206.65 1.14261
9206.64 1.09410
9206.63 1.09555
9206.62 1.05143
9206.60 1.06306
9206.59 1.07537
9206.58 1.09120
9206.57 1.05014
9206.56 1.06079
9206.54 1.06991
9206.53 1.08379
9206.52 1.09235
9206.51 1.07412
9206.49 1.01300
9206.48 1.09363
9206.47 1.06761
9206.46 1.03796
9206.45 1.06259
9206.43 1.05700
9206.42 1.03408
9206.41 1.08455
9206.40 1.03601
9206.38 1.05043
9206.37 1.05796
9206.36 1.08056
9206.35 1.10737
9206.34 1.08651
9206.32 1.08538
9206.31 1.02172
9206.30 1.08102
9206.29 1.07028
9206.27 1.07544
9206.26 1.04728
9206.25 1.04617
9206.24 1.10888
9206.23 1.05693
9206.21 1.08676
9206.20 1.10729
9206.19 1.11999
9206.18 1.10391
9206.16 1.09452
9206.15 1.05086
9206.14 1.06572
9206.13 1.11631
9206.12 1.05534
9206.10 1.05183
9206.09 1.07057
9206.08 1.10790
9206.07 1.09994
9206.05 1.11267
9206.04 1.15521
9206.03 1.09421
9206.02 1.06511
9206.01 1.08888
9205.99 1.12346
9205.98 1.06981
9205.97 1.08128
9205.96 1.04174
9205.94 1.06169
9205.93 1.05475
9205.92 1.07819
9205.91 1.06977
9205.90 1.08911
9205.88 1.10864
9205.87 1.04597
9205.86 1.05249
9205.85 1.08996
9205.83 1.10154
9205.82 1.11025
9205.81 1.07968
9205.80 1.10291
9205.79 1.02952
9205.77 1.08253
9205.76 1.06004
9205.75 1.06342
9205.74 1.12050
9205.73 1.11116
9205.71 1.09775
9205.70 1.11442
9205.69 1.09238
9205.68 1.07130
9205.66 1.09633
9205.65 1.10516
9205.64 1.05549
9205.63 1.04170
9205.62 1.12669
9205.60 1.02281
9205.59 1.08375
9205.58 1.08834
9205.57 1.13389
9205.55 1.09034
9205.54 1.10894
9205.53 1.07126
9205.52 1.07573
9205.50 1.09014
9205.49 1.10894
9205.48 1.08990
9205.47 1.15397
9205.46 1.08241
9205.44 1.07759
9205.43 1.10127
9205.42 1.09198
9205.41 1.09984
9205.40 1.07286
9205.38 1.08720
9205.37 1.09284
9205.36 1.07356
9205.35 1.07994
9205.33 1.09502
9205.32 1.08462
9205.31 1.08426
9205.30 1.04700
9205.29 1.08823
9205.27 1.08005
9205.26 1.08071
9205.25 1.05415
9205.24 1.11708
9205.22 1.09931
9205.21 1.10481
9205.20 1.06642
9205.19 1.11042
9205.18 1.07944
9205.16 1.07332
9205.15 1.13457
9205.14 1.05123
9205.13 1.08905
9205.12 1.10853
9205.10 1.08301
9205.09 1.11697
9205.08 1.06489
9205.07 1.07310
9205.05 1.09656
9205.04 1.08629
9205.03 1.16244
9205.02 1.09181
9205.00 1.07801
9204.99 1.08817
9204.98 1.08873
9204.97 1.07622
9204.96 1.08334
9204.94 1.07160
9204.93 1.07274
9204.92 1.10812
9204.91 1.11875
9204.89 1.10366
9204.88 1.07111
9204.87 1.12114
9204.86 1.11431
9204.85 1.07107
9204.83 1.06806
9204.82 1.11312
9204.81 1.07596
9204.80 1.09660
9204.79 1.06727
9204.77 1.08711
9204.76 1.12185
9204.75 1.09458
9204.74 1.10402
9204.72 1.08781
9204.71 1.08037
9204.70 1.07853
9204.69 1.09107
9204.68 1.08459
9204.66 1.11398
9204.65 1.12355
9204.64 1.06713
9204.63 1.10037
9204.61 1.05843
9204.60 1.11889
9204.59 1.09022
9204.58 1.08555
9204.57 1.09647
9204.55 1.09421
9204.54 1.07969
9204.53 1.10410
9204.52 1.07843
9204.50 1.07045
9204.49 1.11135
9204.48 1.10083
9204.47 1.10032
9204.46 1.07641
9204.44 1.06477
9204.43 1.09388
9204.42 1.10938
9204.41 1.09447
9204.39 1.13364
9204.38 1.09208
9204.37 1.12228
9204.36 1.08276
9204.35 1.10360
9204.33 1.11476
9204.32 1.09328
9204.31 1.08682
9204.30 1.09022
9204.28 1.05868
9204.27 1.12058
9204.26 1.09257
9204.25 1.07818
9204.24 1.12961
9204.22 1.08081
9204.21 1.07615
9204.20 1.06700
9204.19 1.09343
9204.17 1.11543
9204.16 1.08948
9204.15 1.10842
9204.14 1.08604
9204.13 1.10352
9204.11 1.08178
9204.10 1.11831
9204.09 1.12729
9204.08 1.10139
9204.07 1.10626
9204.05 1.09162
9204.04 1.08494
9204.03 1.12046
9204.02 1.06566
9204.00 1.07716
9203.99 1.08193
9203.98 1.06723
9203.97 1.07808
9203.96 1.05835
9203.94 1.09375
9203.93 1.13214
9203.92 1.09691
9203.91 1.10284
9203.89 1.10566
9203.88 1.07937
9203.87 1.07252
9203.86 1.06491
9203.84 1.09653
9203.83 1.06558
9203.82 1.11466
9203.81 1.08211
9203.80 1.10096
9203.78 1.04716
9203.77 1.10509
9203.76 1.06244
9203.75 1.11055
9203.74 1.11239
9203.72 1.08067
9203.71 1.13383
9203.70 1.09273
9203.69 1.11509
9203.67 1.07294
9203.66 1.05858
9203.65 1.07320
9203.64 1.08315
9203.62 1.07045
9203.61 1.14804
9203.60 1.08924
9203.59 1.09618
9203.58 1.06188
9203.56 1.09618
9203.55 1.10628
9203.54 1.08543
9203.53 1.06808
9203.52 1.10457
9203.50 1.07575
9203.49 1.10598
9203.48 1.09675
9203.47 1.05654
9203.46 1.04968
9203.44 1.10100
9203.43 1.08873
9203.42 1.07915
9203.41 1.08027
9203.39 1.11986
9203.38 1.07470
9203.37 1.08681
9203.36 1.08052
9203.34 1.07310
9203.33 1.05344
9203.32 1.09716
9203.31 1.08758
9203.30 1.07250
9203.28 1.10031
9203.27 1.10806
9203.26 1.08362
9203.25 1.08298
9203.23 1.10071
9203.22 1.09562
9203.21 1.09483
9203.20 1.09642
9203.19 1.10286
9203.17 1.09580
9203.16 1.06899
9203.15 1.07933
9203.14 1.12338
9203.12 1.07848
9203.11 1.08346
9203.10 1.05777
9203.09 1.10443
9203.08 1.09210
9203.06 1.08236
9203.05 1.12228
9203.04 1.06149
9203.03 1.10496
9203.01 1.11133
9203.00 1.09735
9202.99 1.09979
9202.98 1.11420
9202.97 1.08833
9202.95 1.08990
9202.94 1.07827
9202.93 1.08332
9202.92 1.08243
9202.91 1.06886
9202.89 1.10303
9202.88 1.12562
9202.87 1.09850
9202.86 1.10785
9202.84 1.08500
9202.83 1.10348
9202.82 1.09465
9202.81 1.10813
9202.80 1.09725
9202.78 1.09374
9202.77 1.11315
9202.76 1.10484
9202.75 1.05628
9202.73 1.04834
9202.72 1.05080
9202.71 1.12009
9202.70 1.10480
9202.69 1.06653
9202.67 1.11137
9202.66 1.09307
9202.65 1.09978
9202.64 1.10255
9202.62 1.10474
9202.61 1.08528
9202.60 1.08731
9202.59 1.06881
9202.58 1.08407
9202.56 1.09021
9202.55 1.13333
9202.54 1.09333
9202.53 1.08649
9202.51 1.07339
9202.50 1.07446
9202.49 1.09724
9202.48 1.13877
9202.47 1.06849
9202.45 1.02894
9202.44 1.06895
9202.43 1.08846
9202.42 1.03235
9202.40 1.10081
9202.39 1.09506
9202.38 1.05646
9202.37 1.04811
9202.36 1.07289
9202.34 1.11395
9202.33 1.08329
9202.32 1.13440
9202.31 1.07042
9202.29 1.09130
9202.28 1.08348
9202.27 1.06344
9202.26 1.11356
9202.25 1.12920
9202.23 1.06206
9202.22 1.08513
9202.21 1.11712
9202.20 1.09559
9202.19 1.08007
9202.17 1.14535
9202.16 1.10696
9202.15 1.08859
9202.14 1.07698
9202.12 1.07077
9202.11 1.09965
9202.10 1.11086
9202.09 1.07253
9202.08 1.07987
9202.06 1.11584
9202.05 1.08397
9202.04 1.08383
9202.03 1.11205
9202.01 1.07863
9202.00 1.09799
9201.99 1.08076
9201.98 1.04894
9201.96 1.05449
9201.95 1.06217
9201.94 1.14689
9201.93 1.11052
9201.92 1.09392
9201.90 1.07388
9201.89 1.09224
9201.88 1.11411
9201.87 1.11693
9201.86 1.08033
9201.84 1.09139
9201.83 1.11304
9201.82 1.10777
9201.81 1.08404
9201.79 1.13259
9201.78 1.07640
9201.77 1.07717
9201.76 1.08658
9201.75 1.06729
9201.73 1.05056
9201.72 1.07439
9201.71 1.11618
9201.70 1.06148
9201.68 1.09924
9201.67 1.06414
9201.66 1.09509
9201.65 1.09355
9201.64 1.07916
9201.62 1.04038
9201.61 1.06976
9201.60 1.05650
9201.59 1.11440
9201.58 1.09002
9201.56 1.07809
9201.55 1.10457
9201.54 1.09657
9201.53 1.08510
9201.51 1.12669
9201.50 1.11037
9201.49 1.05187
9201.48 1.08497
9201.46 1.07943
9201.45 1.04627
9201.44 1.05862
9201.43 1.08538
9201.42 1.10238
9201.40 1.11553
9201.39 1.08182
9201.38 1.10785
9201.37 1.07400
9201.35 1.06328
9201.34 1.10800
9201.33 1.12043
9201.32 1.10723
9201.31 1.09128
9201.29 1.05840
9201.28 1.06692
9201.27 1.08783
9201.26 1.11461
9201.25 1.10078
9201.23 1.09623
9201.22 1.07372
9201.21 1.07790
9201.20 1.08556
9201.18 1.08841
9201.17 1.09989
9201.16 1.11289
9201.15 1.07677
9201.14 1.03129
9201.12 1.08661
9201.11 1.12592
9201.10 1.08317
9201.09 1.13519
9201.07 1.09450
9201.06 1.09474
9201.05 1.09170
9201.04 1.09281
9201.03 1.11177
9201.01 1.11549
9201.00 1.09024
9200.99 1.10731
9200.98 1.10036
9200.96 1.11041
9200.95 1.12890
9200.94 1.09279
9200.93 1.10783
9200.92 1.08353
9200.90 1.11358
9200.89 1.11803
9200.88 1.04730
9200.87 1.11202
9200.85 1.09012
9200.84 1.09625
9200.83 1.09240
9200.82 1.10377
9200.81 1.05873
9200.79 1.08329
9200.78 1.06817
9200.77 1.11625
9200.76 1.07778
9200.74 1.08625
9200.73 1.06738
9200.72 1.07176
9200.71 1.10117
9200.70 1.08557
9200.68 1.12227
9200.67 1.05225
9200.66 1.08566
9200.65 1.05821
9200.63 1.08225
9200.62 1.07645
9200.61 1.08540
9200.60 1.07490
9200.59 1.08679
9200.57 1.09881
9200.56 1.05471
9200.55 1.05238
9200.54 1.08644
9200.53 1.06457
9200.51 1.10251
9200.50 1.06245
9200.49 1.08862
9200.48 1.07518
9200.46 1.10958
9200.45 1.09484
9200.44 1.11483
9200.43 1.10835
9200.42 1.08868
9200.40 1.08844
9200.39 1.10163
9200.38 1.11167
9200.37 1.07740
9200.35 1.08305
9200.34 1.06826
9200.33 1.11139
9200.32 1.11434
9200.30 1.09540
9200.29 1.08224
9200.28 1.09850
9200.27 1.11123
9200.26 1.09685
9200.24 1.08586
9200.23 1.08226
9200.22 1.08493
9200.21 1.08475
9200.20 1.08121
9200.18 1.08992
9200.17 1.11780
9200.16 1.09867
9200.15 1.05987
9200.13 1.07640
9200.12 1.13765
9200.11 1.10159
9200.10 1.11322
9200.08 1.11162
9200.07 1.08451
9200.06 1.09788
9200.05 1.12488
9200.04 1.08623
9200.02 1.09468
9200.01 1.07804
9200.00 1.09028
9199.99 1.12139
9199.98 1.05492
9199.96 1.07735
9199.95 1.12818
9199.94 1.11141
9199.93 1.08961
9199.92 1.10974
9199.90 1.09208
9199.89 1.06702
9199.88 1.09148
9199.87 1.09896
9199.85 1.08897
9199.84 1.08898
9199.83 1.04852
9199.82 1.08619
9199.80 1.06513
9199.79 1.06693
9199.78 1.12845
9199.77 1.08088
9199.76 1.09106
9199.74 1.11341
9199.73 1.09221
9199.72 1.04597
9199.71 1.07715
9199.70 1.09135
9199.68 1.07296
9199.67 1.07944
9199.66 1.08315
9199.65 1.06531
9199.63 1.06705
9199.62 1.12986
9199.61 1.06267
9199.60 1.08973
9199.58 1.07721
9199.57 1.03398
9199.56 1.11794
9199.55 1.09342
9199.54 1.08842
9199.52 1.11572
9199.51 1.11643
9199.50 1.11359
9199.49 1.11115
9199.47 1.10355
9199.46 1.11636
9199.45 1.09158
9199.44 1.11435
9199.43 1.05341
9199.41 1.11249
9199.40 1.09365
9199.39 1.08613
9199.38 1.08942
9199.37 1.05874
9199.35 1.06969
9199.34 1.09103
9199.33 1.08478
9199.32 1.09481
9199.30 1.07261
9199.29 1.08973
9199.28 1.07879
9199.27 1.08189
9199.26 1.08549
9199.24 1.10403
9199.23 1.06914
9199.22 1.05933
9199.21 1.06880
9199.19 1.09302
9199.18 1.12353
9199.17 1.09656
9199.16 1.09162
9199.15 1.08150
9199.13 1.11623
9199.12 1.12390
9199.11 1.06569
9199.10 1.08026
9199.08 1.11729
9199.07 1.13184
9199.06 1.08574
9199.05 1.09449
9199.04 1.06688
9199.02 1.08747
9199.01 1.09968
9199.00 1.12434
9198.99 1.11964
9198.97 1.06528
9198.96 1.15441
9198.95 1.12344
9198.94 1.08729
9198.93 1.09358
9198.91 1.11402
9198.90 1.10233
9198.89 1.06242
9198.88 1.06061
9198.86 1.05967
9198.85 1.09515
9198.84 1.08080
9198.83 1.10222
9198.82 1.13336
9198.80 1.09029
9198.79 1.08573
9198.78 1.10762
9198.77 1.11562
9198.75 1.07336
9198.74 1.08688
9198.73 1.08328
9198.72 1.07579
9198.71 1.07975
9198.69 1.10843
9198.68 1.08244
9198.67 1.07083
9198.66 1.07029
9198.65 1.08032
9198.63 1.10863
9198.62 1.08914
9198.61 1.09369
9198.60 1.09464
9198.58 1.09774
9198.57 1.06975
9198.56 1.08243
9198.55 1.10470
9198.53 1.11391
9198.52 1.07236
9198.51 1.09788
9198.50 1.11255
9198.49 1.09486
9198.47 1.12416
9198.46 1.09659
9198.45 1.10082
9198.44 1.07984
9198.42 1.08383
9198.41 1.10364
9198.40 1.06474
9198.39 1.06890
9198.38 1.11007
9198.36 1.08944
9198.35 1.08691
9198.34 1.09114
9198.33 1.10677
9198.32 1.08236
9198.30 1.09954
9198.29 1.12378
9198.28 1.08579
9198.27 1.08097
9198.25 1.07615
9198.24 1.06293
9198.23 1.07566
9198.22 1.09720
9198.21 1.10846
9198.19 1.06982
9198.18 1.09855
9198.17 1.10889
9198.16 1.09773
9198.14 1.10019
9198.13 1.06834
9198.12 1.08937
9198.11 1.10695
9198.10 1.08030
9198.08 1.04752
9198.07 1.09484
9198.06 1.11421
9198.05 1.08216
9198.04 1.08384
9198.02 1.10343
9198.01 1.09219
9198.00 1.09658
9197.99 1.05862
9197.97 1.09497
9197.96 1.07933
9197.95 1.09055
9197.94 1.07310
9197.92 1.09147
9197.91 1.14310
9197.90 1.09009
9197.89 1.10735
9197.88 1.08321
9197.86 1.06452
9197.85 1.07627
9197.84 1.11347
9197.83 1.11026
9197.81 1.06446
9197.80 1.10366
9197.79 1.13067
9197.78 1.07743
9197.77 1.06668
9197.75 1.06726
9197.74 1.07054
9197.73 1.09818
9197.72 1.10610
9197.71 1.07731
9197.69 1.06603
9197.68 1.09624
9197.67 1.10088
9197.66 1.12146
9197.64 1.08987
9197.63 1.08754
9197.62 1.09206
9197.61 1.09670
9197.60 1.10247
9197.58 1.09292
9197.57 1.08622
9197.56 1.10210
9197.55 1.10352
9197.53 1.11916
9197.52 1.08069
9197.51 1.10535
9197.50 1.08715
9197.49 1.07733
9197.47 1.07485
9197.46 1.07312
9197.45 1.06432
9197.44 1.11584
9197.42 1.11016
9197.41 1.08145
9197.40 1.09616
9197.39 1.11363
9197.38 1.07975
9197.36 1.11171
9197.35 1.12902
9197.34 1.13024
9197.33 1.08258
9197.31 1.09760
9197.30 1.08736
9197.29 1.11347
9197.28 1.06767
9197.27 1.08294
9197.25 1.10821
9197.24 1.07721
9197.23 1.09938
9197.22 1.09410
9197.20 1.09659
9197.19 1.13715
9197.18 1.11792
9197.17 1.08232
9197.16 1.06614
9197.14 1.04913
9197.13 1.09180
9197.12 1.10178
9197.11 1.06280
9197.09 1.10626
9197.08 1.07348
9197.07 1.13725
9197.06 1.11012
9197.05 1.07890
9197.03 1.06804
9197.02 1.05973
9197.01 1.08764
9197.00 1.09255
9196.99 1.08018
9196.97 1.09284
9196.96 1.05514
9196.95 1.07941
9196.94 1.05949
9196.92 1.12660
9196.91 1.10378
9196.90 1.07031
9196.89 1.05748
9196.88 1.07706
9196.86 1.08929
9196.85 1.06930
9196.84 1.04914
9196.83 1.07186
9196.81 1.06692
9196.80 1.04820
9196.79 1.08791
9196.78 1.08174
9196.77 1.10271
9196.75 1.07645
9196.74 1.06249
9196.73 1.06759
9196.72 1.08979
9196.70 1.05675
9196.69 1.07755
9196.68 1.08820
9196.67 1.07158
9196.66 1.06398
9196.64 1.03628
9196.63 1.08183
9196.62 1.08816
9196.61 1.12055
9196.59 1.10736
9196.58 1.07349
9196.57 1.06929
9196.56 1.07827
9196.54 1.10281
9196.53 1.07519
9196.52 1.09887
9196.51 1.07143
9196.50 1.10345
9196.48 1.03899
9196.47 1.12547
9196.46 1.08491
9196.45 1.07011
9196.44 1.10575
9196.42 1.07873
9196.41 1.11203
9196.40 1.07466
9196.39 1.08614
9196.37 1.07780
9196.36 1.07017
9196.35 1.05094
9196.34 1.14172
9196.33 1.10905
9196.31 1.08009
9196.30 1.07966
9196.29 1.07177
9196.28 1.08913
9196.26 1.10726
9196.25 1.07168
9196.24 1.05730
9196.23 1.11282
9196.21 1.07129
9196.20 1.11179
9196.19 1.06363
9196.18 1.05555
9196.17 1.03077
9196.16 1.08525
9196.14 1.08577
9196.13 1.06650
9196.12 1.10118
9196.11 1.08835
9196.09 1.09352
9196.08 1.06804
9196.07 1.11832
9196.06 1.12638
9196.04 1.10224
9196.03 1.11591
9196.02 1.06079
9196.01 1.10754
9196.00 1.10163
9195.98 1.08032
9195.97 1.08934
9195.96 1.12805
9195.95 1.12260
9195.93 1.08186
9195.92 1.07711
9195.91 1.12454
9195.90 1.08237
9195.89 1.10820
9195.87 1.08924
9195.86 1.10055
9195.85 1.05163
9195.84 1.06028
9195.83 1.08617
9195.81 1.13334
9195.80 1.10021
9195.79 1.06385
9195.78 1.08959
9195.76 1.08844
9195.75 1.06419
9195.74 1.03649
9195.73 1.08910
9195.72 1.07453
9195.70 1.08730
9195.69 1.08947
9195.68 1.07832
9195.67 1.09875
9195.65 1.10134
9195.64 1.11368
9195.63 1.08071
9195.62 1.07261
9195.61 1.09352
9195.59 1.12177
9195.58 1.09694
9195.57 1.06265
9195.56 1.07339
9195.54 1.10610
9195.53 1.12620
9195.52 1.10094
9195.51 1.07015
9195.50 1.06960
9195.48 1.11151
9195.47 1.10831
9195.46 1.12778
9195.45 1.10431
9195.43 1.06452
9195.42 1.09863
9195.41 1.08487
9195.40 1.09126
9195.39 1.06905
9195.37 1.10031
9195.36 1.10001
9195.35 1.10005
9195.34 1.10161
9195.32 1.09686
9195.31 1.05895
9195.30 1.10192
9195.29 1.06415
9195.28 1.07276
9195.26 1.05314
9195.25 1.10215
9195.24 1.06899
9195.23 1.05313
9195.21 1.09460
9195.20 1.08922
9195.19 1.06727
9195.18 1.08738
9195.17 1.09206
9195.15 1.09757
9195.14 1.07913
9195.13 1.06125
9195.12 1.10835
9195.11 1.08463
9195.09 1.07395
9195.08 1.04359
9195.07 1.04615
9195.06 1.08464
9195.04 1.07808
9195.03 1.07296
9195.02 1.09943
9195.01 1.13171
9195.00 1.06153
9194.98 1.09692
9194.97 1.06983
9194.96 1.08681
9194.95 1.08311
9194.93 1.10380
9194.92 1.10893
9194.91 1.07050
9194.90 1.07482
9194.88 1.09127
9194.87 1.06353
9194.86 1.06533
9194.85 1.06429
9194.84 1.09121
9194.82 1.10483
9194.81 1.09763
9194.80 1.13663
9194.79 1.07070
9194.78 1.06474
9194.76 1.10469
9194.75 1.11132
9194.74 1.10364
9194.73 1.09132
9194.71 1.07617
9194.70 1.07423
9194.69 1.09001
9194.68 1.13049
9194.67 1.08606
9194.65 1.10490
9194.64 1.06444
9194.63 1.06542
9194.62 1.11923
9194.60 1.05917
9194.59 1.10880
9194.58 1.06749
9194.57 1.04985
9194.56 1.09312
9194.54 1.06663
9194.53 1.08561
9194.52 1.09981
9194.51 1.08722
9194.50 1.12411
9194.48 1.03768
9194.47 1.06684
9194.46 1.05646
9194.45 1.08076
9194.43 1.09969
9194.42 1.08523
9194.41 1.11498
9194.40 1.11117
9194.38 1.08657
9194.37 1.01449
9194.36 1.07125
9194.35 1.09270
9194.34 1.07825
9194.32 1.09920
9194.31 1.08968
9194.30 1.09396
9194.29 1.09576
9194.27 1.08562
9194.26 1.10005
9194.25 1.07369
9194.24 1.05913
9194.23 1.07726
9194.21 1.10394
9194.20 1.12465
9194.19 1.10588
9194.18 1.12791
9194.17 1.06246
9194.15 1.09154
9194.14 1.09101
9194.13 1.07250
9194.12 1.11757
9194.10 1.11051
9194.09 1.05652
9194.08 1.13384
9194.07 1.12728
9194.05 1.11668
9194.04 1.08111
9194.03 1.08167
9194.02 1.10810
9194.01 1.05348
9193.99 1.10345
9193.98 1.11598
9193.97 1.09825
9193.96 1.06746
9193.95 1.09014
9193.93 1.10227
9193.92 1.09314
9193.91 1.09132
9193.90 1.13492
9193.88 1.07725
9193.87 1.12171
9193.86 1.07248
9193.85 1.10048
9193.84 1.07152
9193.82 1.09182
9193.81 1.09589
9193.80 1.07215
9193.79 1.10123
9193.77 1.09699
9193.76 1.11893
9193.75 1.09228
9193.74 1.08914
9193.73 1.07979
9193.71 1.09995
9193.70 1.06116
9193.69 1.07547
9193.68 1.05958
9193.66 1.07373
9193.65 1.10028
9193.64 1.06419
9193.63 1.11463
9193.62 1.08586
9193.60 1.09886
9193.59 1.10119
9193.58 1.07923
9193.57 1.08998
9193.55 1.08059
9193.54 1.07005
9193.53 1.08673
9193.52 1.08583
9193.51 1.10747
9193.49 1.07502
9193.48 1.05230
9193.47 1.07230
9193.46 1.10769
9193.44 1.06678
9193.43 1.08646
9193.42 1.09937
9193.41 1.06231
9193.40 1.06470
9193.38 1.08594
9193.37 1.10456
9193.36 1.11276
9193.35 1.08054
9193.33 1.08511
9193.32 1.07232
9193.31 1.10415
9193.30 1.08695
9193.29 1.13051
9193.27 1.10070
9193.26 1.10199
9193.25 1.10559
9193.24 1.05401
9193.23 1.08279
9193.21 1.08921
9193.20 1.11034
9193.19 1.09196
9193.18 1.09525
9193.16 1.06537
9193.15 1.06708
9193.14 1.11853
9193.13 1.07848
9193.12 1.09223
9193.10 1.10627
9193.09 1.07759
9193.08 1.09799
9193.07 1.11808
9193.05 1.09227
9193.04 1.04370
9193.03 1.08678
9193.02 1.09208
9193.00 1.08643
9192.99 1.09033
9192.98 1.07638
9192.97 1.08457
9192.96 1.07020
9192.94 1.07744
9192.93 1.12600
9192.92 1.09114
9192.91 1.08495
9192.90 1.12644
9192.88 1.08465
9192.87 1.10943
9192.86 1.04250
9192.85 1.12246
9192.83 1.09201
9192.82 1.08783
9192.81 1.06068
9192.80 1.06535
9192.79 1.11600
9192.77 1.08919
9192.76 1.09904
9192.75 1.08904
9192.74 1.05512
9192.72 1.07183
9192.71 1.09820
9192.70 1.06493
9192.69 1.08506
9192.68 1.09511
9192.66 1.08246
9192.65 1.07027
9192.64 1.06364
9192.63 1.04967
9192.62 1.08126
9192.60 1.08927
9192.59 1.09332
9192.58 1.09664
9192.57 1.08380
9192.55 1.09165
9192.54 1.10886
9192.53 1.10280
9192.52 1.10935
9192.50 1.10176
9192.49 1.10642
9192.48 1.10719
9192.47 1.10459
9192.46 1.05315
9192.44 1.07857
9192.43 1.04655
9192.42 1.11626
9192.41 1.08171
9192.39 1.06132
9192.38 1.08227
9192.37 1.07475
9192.36 1.04908
9192.35 1.06001
9192.33 1.09166
9192.32 1.08549
9192.31 1.06244
9192.30 1.09165
9192.29 1.12552
9192.27 1.07620
9192.26 1.05995
9192.25 1.11445
9192.24 1.10277
9192.22 1.06496
9192.21 1.13606
9192.20 1.09393
9192.19 1.07614
9192.18 1.07797
9192.16 1.04309
9192.15 1.06671
9192.14 1.08892
9192.13 1.09463
9192.11 1.08888
9192.10 1.09317
9192.09 1.11075
9192.08 1.06178
9192.07 1.10355
9192.05 1.09687
9192.04 1.10581
9192.03 1.09084
9192.02 1.07434
9192.00 1.06392
9191.99 1.10454
9191.98 1.07782
9191.97 1.07344
9191.96 1.09746
9191.94 1.07187
9191.93 1.06482
9191.92 1.06992
9191.91 1.09880
9191.89 1.11988
9191.88 1.07223
9191.87 1.09718
9191.86 1.05662
9191.85 1.09879
9191.83 1.07446
9191.82 1.04797
9191.81 1.08847
9191.80 1.10809
9191.78 1.05268
9191.77 1.10235
9191.76 1.08872
9191.75 1.07823
9191.74 1.09976
9191.72 1.08769
9191.71 1.09812
9191.70 1.09221
9191.69 1.06981
9191.67 1.08494
9191.66 1.10874
9191.65 1.10416
9191.64 1.09727
9191.63 1.11767
9191.61 1.09458
9191.60 1.11404
9191.59 1.10056
9191.58 1.11023
9191.57 1.11262
9191.55 1.07691
9191.54 1.07587
9191.53 1.07316
9191.52 1.11499
9191.50 1.08934
9191.49 1.06841
9191.48 1.12561
9191.47 1.08153
9191.46 1.07217
9191.44 1.11049
9191.43 1.08405
9191.42 1.13588
9191.41 1.14162
9191.39 1.09757
9191.38 1.10510
9191.37 1.07443
9191.36 1.05687
9191.34 1.07235
9191.33 1.11749
9191.32 1.09430
9191.31 1.08700
9191.30 1.08013
9191.28 1.10623
9191.27 1.07530
9191.26 1.08823
9191.25 1.08613
9191.24 1.06204
9191.22 1.09880
9191.21 1.04649
9191.20 1.08445
9191.19 1.07445
9191.17 1.11907
9191.16 1.06588
9191.15 1.07607
9191.14 1.06553
9191.12 1.05934
9191.11 1.08524
9191.10 1.10856
9191.09 1.11053
9191.08 1.11162
9191.06 1.08914
9191.05 1.11991
9191.04 1.09587
9191.03 1.05951
9191.02 1.08242
9191.00 1.10337
9190.99 1.13914
9190.98 1.07288
9190.97 1.06950
9190.96 1.08380
9190.94 1.11095
9190.93 1.10183
9190.92 1.10456
9190.91 1.09031
9190.89 1.13724
9190.88 1.09411
9190.87 1.09203
9190.86 1.08549
9190.84 1.08568
9190.83 1.09877
9190.82 1.08191
9190.81 1.07259
9190.80 1.06767
9190.78 1.10071
9190.77 1.07533
9190.76 1.09422
9190.75 1.07330
9190.73 1.09314
9190.72 1.09241
9190.71 1.07724
9190.70 1.07787
9190.69 1.08015
9190.67 1.10199
9190.66 1.08550
9190.65 1.05670
9190.64 1.08028
9190.62 1.08046
9190.61 1.08324
9190.60 1.06886
9190.59 1.10253
9190.58 1.08427
9190.56 1.12003
9190.55 1.08798
9190.54 1.09930
9190.53 1.05000
9190.51 1.08161
9190.50 1.08170
9190.49 1.09541
9190.48 1.11443
9190.47 1.07925
9190.45 1.07332
9190.44 1.07565
9190.43 1.07977
9190.42 1.07126
9190.41 1.07097
9190.39 1.10634
9190.38 1.07853
9190.37 1.12690
9190.36 1.07379
9190.34 1.07819
9190.33 1.14173
9190.32 1.08430
9190.31 1.07289
9190.30 1.07779
9190.28 1.08757
9190.27 1.11255
9190.26 1.09792
9190.25 1.14432
9190.23 1.08017
9190.22 1.08215
9190.21 1.04565
9190.20 1.06212
9190.19 1.07228
9190.17 1.11039
9190.16 1.05823
9190.15 1.05191
9190.14 1.09711
9190.12 1.06356
9190.11 1.11058
9190.10 1.07850
9190.09 1.05827
9190.08 1.06452
9190.06 1.09359
9190.05 1.07860
9190.04 1.10415
9190.03 1.06840
9190.01 1.09946
9190.00 1.08976
9189.99 1.07330
9189.98 1.07675
9189.97 1.07824
9189.95 1.09332
9189.94 1.08860
9189.93 1.12015
9189.92 1.07666
9189.90 1.09579
9189.89 1.08131
9189.88 1.07842
9189.87 1.09546
9189.86 1.07747
9189.84 1.11560
9189.83 1.11096
9189.82 1.09548
9189.81 1.07842
9189.79 1.13522
9189.78 1.04108
9189.77 1.10414
9189.76 1.09931
9189.75 1.07990
9189.73 1.10491
9189.72 1.11814
9189.71 1.09580
9189.70 1.07703
9189.69 1.11551
9189.67 1.10844
9189.66 1.08924
9189.65 1.12599
9189.64 1.10485
9189.62 1.12417
9189.61 1.12894
9189.60 1.10486
9189.59 1.09375
9189.57 1.08337
9189.56 1.11774
9189.55 1.08666
9189.54 1.09855
9189.53 1.10596
9189.51 1.08216
9189.50 1.05844
9189.49 1.12511
9189.48 1.09865
9189.46 1.11476
9189.45 1.08870
9189.44 1.10897
9189.43 1.09715
9189.42 1.12278
9189.40 1.08152
9189.39 1.07845
9189.38 1.13981
9189.37 1.11560
9189.36 1.10200
9189.34 1.12254
9189.33 1.08252
9189.32 1.11178
9189.31 1.09107
9189.29 1.11577
9189.28 1.09732
9189.27 1.11457
9189.26 1.07813
9189.25 1.09453
9189.23 1.09067
9189.22 1.13928
9189.21 1.10844
9189.20 1.10757
9189.18 1.12346
9189.17 1.07291
9189.16 1.17155
9189.15 1.10038
9189.14 1.09954
9189.12 1.10957
9189.11 1.07785
9189.10 1.08219
9189.09 1.06795
9189.08 1.11892
9189.06 1.11195
9189.05 1.09155
9189.04 1.07968
9189.03 1.09058
9189.01 1.08797
9189.00 1.03697
9188.99 1.09154
9188.98 1.10937
9188.96 1.08467
9188.95 1.08660
9188.94 1.09093
9188.93 1.08793
9188.92 1.10047
9188.90 1.07682
9188.89 1.10009
9188.88 1.12366
9188.87 1.09882
9188.85 1.09904
9188.84 1.10848
9188.83 1.14422
9188.82 1.09376
9188.81 1.10366
9188.79 1.10921
9188.78 1.11232
9188.77 1.06957
9188.76 1.10370
9188.75 1.08255
9188.73 1.14506
9188.72 1.07972
9188.71 1.09453
9188.70 1.12107
9188.68 1.08763
9188.67 1.05914
9188.66 1.08629
9188.65 1.11292
9188.64 1.10705
9188.62 1.10832
9188.61 1.10796
9188.60 1.07545
9188.59 1.05842
9188.57 1.09630
9188.56 1.10703
9188.55 1.10737
9188.54 1.06751
9188.53 1.05865
9188.51 1.11440
9188.50 1.07720
9188.49 1.09966
9188.48 1.08860
9188.46 1.07925
9188.45 1.08272
9188.44 1.06323
9188.43 1.08761
9188.42 1.07387
9188.40 1.09352
9188.39 1.11805
9188.38 1.09369
9188.37 1.07280
9188.35 1.08122
9188.34 1.06171
9188.33 1.11379
9188.32 1.11427
9188.31 1.06871
9188.29 1.08377
9188.28 1.09503
9188.27 1.08389
9188.26 1.09469
9188.24 1.10058
9188.23 1.07671
9188.22 1.07226
9188.21 1.12655
9188.20 1.09489
9188.18 1.06896
9188.17 1.08131
9188.16 1.10111
9188.15 1.10453
9188.13 1.08045
9188.12 1.07928
9188.11 1.10747
9188.10 1.10861
9188.09 1.09996
9188.07 1.09525
9188.06 1.08083
9188.05 1.09050
9188.04 1.13382
9188.03 1.06055
9188.01 1.10640
9188.00 1.07031
9187.99 1.08078
9187.98 1.13838
9187.96 1.10927
9187.95 1.06847
9187.94 1.08501
9187.93 1.06715
9187.92 1.12493
9187.90 1.04724
9187.89 1.06852
9187.88 1.10990
9187.87 1.12088
9187.85 1.06202
9187.84 1.07946
9187.83 1.09233
9187.82 1.07844
9187.81 1.11879
9187.79 1.10663
9187.78 1.09699
9187.77 1.09889
9187.76 1.11854
9187.74 1.11386
9187.73 1.05742
9187.72 1.09723
9187.71 1.09685
9187.70 1.10503
9187.68 1.11821
9187.67 1.08652
9187.66 1.07200
9187.65 1.08224
9187.63 1.09950
9187.62 1.04860
9187.61 1.09357
9187.60 1.08251
9187.58 1.08996
9187.57 1.07231
9187.56 1.08841
9187.55 1.10934
9187.54 1.06702
9187.52 1.11015
9187.51 1.08077
9187.50 1.08171
9187.49 1.03977
9187.48 1.07959
9187.46 1.08849
9187.45 1.08490
9187.44 1.08041
9187.43 1.06388
9187.41 1.08013
9187.40 1.10933
9187.39 1.07025
9187.38 1.07131
9187.37 1.11318
9187.35 1.09479
9187.34 1.05668
9187.33 1.07720
9187.32 1.09261
9187.30 1.07567
9187.29 1.10989
9187.28 1.08977
9187.27 1.07296
9187.26 1.11512
9187.24 1.07646
9187.23 1.07513
9187.22 1.07390
9187.21 1.10495
9187.20 1.10623
9187.18 1.06757
9187.17 1.09777
9187.16 1.13646
9187.15 1.08317
9187.13 1.08760
9187.12 1.06330
9187.11 1.09582
9187.10 1.11357
9187.08 1.11108
9187.07 1.08777
9187.06 1.09713
9187.05 1.11764
9187.04 1.12807
9187.02 1.05610
9187.01 1.09960
9187.00 1.09371
9186.99 1.08422
9186.97 1.07409
9186.96 1.06736
9186.95 1.07017
9186.94 1.09418
9186.93 1.07380
9186.91 1.09666
9186.90 1.10076
9186.89 1.07737
9186.88 1.09410
9186.87 1.10979
9186.85 1.08847
9186.84 1.09137
9186.83 1.12849
9186.82 1.08784
9186.80 1.12640
9186.79 1.07553
9186.78 1.08040
9186.77 1.09439
9186.76 1.11525
9186.74 1.08702
9186.73 1.07926
9186.72 1.06169
9186.71 1.10520
9186.69 1.08144
9186.68 1.10475
9186.67 1.13767
9186.66 1.12036
9186.64 1.09795
9186.63 1.09085
9186.62 1.07019
9186.61 1.08400
9186.60 1.06856
9186.58 1.11789
9186.57 1.11190
9186.56 1.06451
9186.55 1.02412
9186.54 1.08119
9186.52 1.09061
9186.51 1.07735
9186.50 1.07117
9186.49 1.09679
9186.47 1.06576
9186.46 1.10411
9186.45 1.07850
9186.44 1.09259
9186.43 1.10323
9186.41 1.10065
9186.40 1.07344
9186.39 1.09359
9186.38 1.05898
9186.36 1.09382
9186.35 1.06223
9186.34 1.07953
9186.33 1.08963
9186.32 1.06163
9186.30 1.07918
9186.29 1.09182
9186.28 1.05885
9186.27 1.05684
9186.25 1.10056
9186.24 1.07821
9186.23 1.07398
9186.22 1.11043
9186.21 1.09409
9186.19 1.10847
9186.18 1.06227
9186.17 1.06498
9186.16 1.08512
9186.15 1.08209
9186.13 1.06526
9186.12 1.10074
9186.11 1.05895
9186.10 1.10173
9186.08 1.09199
9186.07 1.08091
9186.06 1.07447
9186.05 1.13042
9186.04 1.05168
9186.02 1.09077
9186.01 1.09982
9186.00 1.04635
9185.99 1.13268
9185.97 1.08560
9185.96 1.07581
9185.95 1.07602
9185.94 1.11762
9185.92 1.06709
9185.91 1.08269
9185.90 1.12617
9185.89 1.07391
9185.88 1.08470
9185.86 1.08537
9185.85 1.08774
9185.84 1.09762
9185.83 1.04757
9185.82 1.03981
9185.80 1.13817
9185.79 1.06360
9185.78 1.06032
9185.77 1.07763
9185.75 1.09301
9185.74 1.10884
9185.73 1.10634
9185.72 1.11149
9185.71 1.03637
9185.69 1.10777
9185.68 1.12704
9185.67 1.07404
9185.66 1.09953
9185.64 1.08976
9185.63 1.09379
9185.62 1.11940
9185.61 1.11716
9185.60 1.07948
9185.58 1.08317
9185.57 1.10270
9185.56 1.08508
9185.55 1.06829
9185.54 1.09116
9185.52 1.11992
9185.51 1.06007
9185.50 1.06712
9185.49 1.05975
9185.47 1.10570
9185.46 1.11483
9185.45 1.10306
9185.44 1.06340
9185.42 1.06359
9185.41 1.07047
9185.40 1.09650
9185.39 1.11656
9185.38 1.10107
9185.36 1.08233
9185.35 1.09169
9185.34 1.09289
9185.33 1.07616
9185.31 1.07910
9185.30 1.09697
9185.29 1.10905
9185.28 1.06823
9185.27 1.11657
9185.25 1.09156
9185.24 1.06813
9185.23 1.06997
9185.22 1.06961
9185.21 1.07904
9185.19 1.09354
9185.18 1.07228
9185.17 1.10635
9185.16 1.05796
9185.14 1.03695
9185.13 1.07818
9185.12 1.08221
9185.11 1.11833
9185.10 1.07140
9185.08 1.05915
9185.07 1.09526
9185.06 1.08660
9185.05 1.06618
9185.03 1.08862
9185.02 1.06262
9185.01 1.06934
9185.00 1.12605
9184.99 1.05473
9184.97 1.10636
9184.96 1.09921
9184.95 1.10996
9184.94 1.11328
9184.92 1.11771
9184.91 1.06522
9184.90 1.06733
9184.89 1.08042
9184.88 1.07295
9184.86 1.10242
9184.85 1.09878
9184.84 1.06021
9184.83 1.09906
9184.81 1.06272
9184.80 1.10536
9184.79 1.05271
9184.78 1.05041
9184.77 1.11025
9184.75 1.09240
9184.74 1.10721
9184.73 1.09813
9184.72 1.08693
9184.70 1.09155
9184.69 1.06993
9184.68 1.08305
9184.67 1.06239
9184.66 1.10722
9184.64 1.08841
9184.63 1.07349
9184.62 1.12109
9184.61 1.06927
9184.59 1.12798
9184.58 1.09164
9184.57 1.11650
9184.56 1.13526
9184.55 1.09175
9184.53 1.11530
9184.52 1.07338
9184.51 1.08732
9184.50 1.06691
9184.48 1.07991
9184.47 1.05538
9184.46 1.09340
9184.45 1.11337
9184.44 1.05432
9184.42 1.06493
9184.41 1.09509
9184.40 1.09465
9184.39 1.10662
9184.38 1.09117
9184.36 1.10606
9184.35 1.11174
9184.34 1.09446
9184.33 1.11235
9184.31 1.08736
9184.30 1.08938
9184.29 1.05048
9184.28 1.08911
9184.27 1.09977
9184.25 1.11467
9184.24 1.08529
9184.23 1.09113
9184.22 1.06262
9184.20 1.10459
9184.19 1.09124
9184.18 1.10618
9184.17 1.10091
9184.16 1.07685
9184.14 1.10760
9184.13 1.11518
9184.12 1.11839
9184.11 1.10636
9184.09 1.08133
9184.08 1.07834
9184.07 1.09442
9184.06 1.09095
9184.04 1.10170
9184.03 1.11877
9184.02 1.06306
9184.01 1.10565
9184.00 1.09428
9183.98 1.09446
9183.97 1.07204
9183.96 1.08622
9183.95 1.11334
9183.94 1.10148
9183.92 1.12909
9183.91 1.08759
9183.90 1.06952
9183.89 1.10088
9183.87 1.07854
9183.86 1.07596
9183.85 1.05416
9183.84 1.09482
9183.83 1.10598
9183.81 1.06226
9183.80 1.10353
9183.79 1.07596
9183.78 1.05166
9183.76 1.11741
9183.75 1.14565
9183.74 1.05885
9183.73 1.09189
9183.71 1.05414
9183.70 1.06121
9183.69 1.12884
9183.68 1.10333
9183.67 1.08194
9183.66 1.08162
9183.64 1.12068
9183.63 1.08792
9183.62 1.08869
9183.61 1.10094
9183.59 1.11964
9183.58 1.09500
9183.57 1.08014
9183.56 1.09855
9183.54 1.05278
9183.53 1.06814
9183.52 1.11122
9183.51 1.12330
9183.50 1.09932
9183.48 1.09630
9183.47 1.08822
9183.46 1.10121
9183.45 1.09753
9183.43 1.07036
9183.42 1.08246
9183.41 1.09726
9183.40 1.08317
9183.39 1.07307
9183.37 1.11048
9183.36 1.12986
9183.35 1.09957
9183.34 1.06319
9183.33 1.09508
9183.31 1.08861
9183.30 1.10887
9183.29 1.08499
9183.28 1.08020
9183.26 1.12143
9183.25 1.08153
9183.24 1.07429
9183.23 1.09198
9183.22 1.10326
9183.20 1.05866
9183.19 1.11621
9183.18 1.09716
9183.17 1.12732
9183.15 1.10608
9183.14 1.08713
9183.13 1.07652
9183.12 1.11808
9183.11 1.09962
9183.09 1.05925
9183.08 1.09425
9183.07 1.09901
9183.06 1.08316
9183.04 1.11197
9183.03 1.11529
9183.02 1.08956
9183.01 1.10580
9183.00 1.11867
9182.98 1.08881
9182.97 1.06158
9182.96 1.07008
9182.95 1.14332
9182.93 1.10594
9182.92 1.09835
9182.91 1.09197
9182.90 1.07884
9182.89 1.11359
9182.87 1.03802
9182.86 1.12013
9182.85 1.05382
9182.84 1.11195
9182.82 1.07375
9182.81 1.10283
9182.80 1.08181
9182.79 1.07219
9182.78 1.05750
9182.76 1.10348
9182.75 1.08965
9182.74 1.08978
9182.73 1.11360
9182.71 1.08902
9182.70 1.11218
9182.69 1.06339
9182.68 1.10704
9182.67 1.12691
9182.65 1.08092
9182.64 1.09713
9182.63 1.11751
9182.62 1.09984
9182.61 1.06532
9182.59 1.07807
9182.58 1.07288
9182.57 1.09666
9182.56 1.11597
9182.54 1.05382
9182.53 1.03862
9182.52 1.11334
9182.51 1.06409
9182.50 1.05208
9182.48 1.11363
9182.47 1.07090
9182.46 1.09814
9182.45 1.12517
9182.43 1.05896
9182.42 1.09703
9182.41 1.07952
9182.40 1.11698
9182.38 1.05889
9182.37 1.07751
9182.36 1.10282
9182.35 1.10798
9182.34 1.08105
9182.32 1.10102
9182.31 1.05618
9182.30 1.04588
9182.29 1.09341
9182.28 1.07562
9182.26 1.09048
9182.25 1.10186
9182.24 1.07874
9182.23 1.05231
9182.21 1.10696
9182.20 1.06968
9182.19 1.05291
9182.18 1.11823
9182.17 1.08141
9182.15 1.09733
9182.14 1.10040
9182.13 1.10297
9182.12 1.06875
9182.10 1.08760
9182.09 1.07744
9182.08 1.11809
9182.07 1.10839
9182.06 1.10058
9182.04 1.12202
9182.03 1.06583
9182.02 1.12306
9182.01 1.08177
9182.00 1.09207
9181.98 1.07064
9181.97 1.06973
9181.96 1.06210
9181.95 1.07269
9181.93 1.05726
9181.92 1.10650
9181.91 1.07908
9181.90 1.06569
9181.88 1.08605
9181.87 1.10449
9181.86 1.08035
9181.85 1.06059
9181.84 1.12916
9181.82 1.08745
9181.81 1.12045
9181.80 1.12812
9181.79 1.05128
9181.77 1.07744
9181.76 1.11849
9181.75 1.09281
9181.74 1.07758
9181.73 1.07005
9181.71 1.07262
9181.70 1.07624
9181.69 1.08303
9181.68 1.09655
9181.67 1.09171
9181.65 1.09626
9181.64 1.10487
9181.63 1.08353
9181.62 1.13581
9181.60 1.09103
9181.59 1.07152
9181.58 1.05690
9181.57 1.09340
9181.55 1.09342
9181.54 1.12231
9181.53 1.06705
9181.52 1.09727
9181.51 1.11359
9181.49 1.08055
9181.48 1.08990
9181.47 1.09240
9181.46 1.07339
9181.45 1.08478
9181.43 1.12109
9181.42 1.09580
9181.41 1.10757
9181.40 1.09642
9181.38 1.11221
9181.37 1.07928
9181.36 1.12163
9181.35 1.12741
9181.34 1.11085
9181.32 1.09597
9181.31 1.11161
9181.30 1.09359
9181.29 1.04827
9181.27 1.09390
9181.26 1.07670
9181.25 1.12442
9181.24 1.07461
9181.23 1.09325
9181.21 1.09723
9181.20 1.07325
9181.19 1.11481
9181.18 1.09073
9181.16 1.07528
9181.15 1.11616
9181.14 1.06562
9181.13 1.04413
9181.12 1.11625
9181.10 1.09380
9181.09 1.05356
9181.08 1.05092
9181.07 1.13258
9181.05 1.08997
9181.04 1.07169
9181.03 1.06382
9181.02 1.09041
9181.01 1.07731
9180.99 1.08867
9180.98 1.09304
9180.97 1.05927
9180.96 1.10290
9180.94 1.08196
9180.93 1.10726
9180.92 1.10342
9180.91 1.12212
9180.90 1.09766
9180.88 1.06622
9180.87 1.06350
9180.86 1.08886
9180.85 1.08586
9180.83 1.05838
9180.82 1.09532
9180.81 1.06865
9180.80 1.12198
9180.79 1.09724
9180.77 1.06140
9180.76 1.09266
9180.75 1.09222
9180.74 1.09692
9180.73 1.07310
9180.71 1.06211
9180.70 1.09898
9180.69 1.10429
9180.68 1.10386
9180.66 1.08026
9180.65 1.05667
9180.64 1.08481
9180.63 1.11302
9180.62 1.11634
9180.60 1.07141
9180.59 1.04938
9180.58 1.08529
9180.57 1.08112
9180.55 1.09256
9180.54 1.12094
9180.53 1.09627
9180.52 1.09402
9180.50 1.08524
9180.49 1.08280
9180.48 1.07870
9180.47 1.10293
9180.46 1.06958
9180.44 1.07550
9180.43 1.06953
9180.42 1.07511
9180.41 1.07781
9180.40 1.08777
9180.38 1.10979
9180.37 1.05468
9180.36 1.09082
9180.35 1.05716
9180.33 1.10566
9180.32 1.08055
9180.31 1.07388
9180.30 1.09200
9180.29 1.08171
9180.27 1.06916
9180.26 1.05270
9180.25 1.08252
9180.24 1.08408
9180.22 1.07290
9180.21 1.09855
9180.20 1.09217
9180.19 1.07713
9180.18 1.10347
9180.16 1.11827
9180.15 1.11667
9180.14 1.10604
9180.13 1.06705
9180.12 1.08443
9180.10 1.08009
9180.09 1.10558
9180.08 1.11620
9180.07 1.06398
9180.05 1.08919
9180.04 1.08965
9180.03 1.06522
9180.02 1.06861
9180.00 1.08650
9179.99 1.09695
9179.98 1.11087
9179.97 1.07182
9179.96 1.08127
9179.94 1.06229
9179.93 1.09262
9179.92 1.11986
9179.91 1.09374
9179.89 1.08696
9179.88 1.11798
9179.87 1.06794
9179.86 1.09012
9179.85 1.10225
9179.83 1.11269
9179.82 1.07536
9179.81 1.08496
9179.80 1.10666
9179.79 1.10889
9179.77 1.06960
9179.76 1.10203
9179.75 1.10438
9179.74 1.09098
9179.72 1.05830
9179.71 1.07199
9179.70 1.04461
9179.69 1.04908
9179.68 1.10414
9179.66 1.07485
9179.65 1.04749
9179.64 1.09670
9179.63 1.06744
9179.61 1.09770
9179.60 1.11591
9179.59 1.03617
9179.58 1.07594
9179.57 1.05215
9179.55 1.09498
9179.54 1.09486
9179.53 1.06961
9179.52 1.06820
9179.50 1.08173
9179.49 1.12155
9179.48 1.08599
9179.47 1.12195
9179.46 1.09883
9179.44 1.11023
9179.43 1.09092
9179.42 1.07480
9179.41 1.08198
9179.39 1.09286
9179.38 1.07549
9179.37 1.10433
9179.36 1.08471
9179.35 1.09848
9179.33 1.08441
9179.32 1.07753
9179.31 1.09916
9179.30 1.07838
9179.28 1.08876
9179.27 1.10654
9179.26 1.11321
9179.25 1.12190
9179.24 1.11527
9179.22 1.11907
9179.21 1.10575
9179.20 1.10052
9179.19 1.06335
9179.17 1.07089
9179.16 1.06631
9179.15 1.11770
9179.14 1.08339
9179.13 1.09046
9179.11 1.13075
9179.10 1.09423
9179.09 1.09685
9179.08 1.05276
9179.07 1.09174
9179.05 1.11581
9179.04 1.07361
9179.03 1.11630
9179.02 1.12793
9179.00 1.04112
9178.99 1.10381
9178.98 1.08274
9178.97 1.08407
9178.96 1.02527
9178.94 1.09977
9178.93 1.07351
9178.92 1.10667
9178.91 1.11143
9178.89 1.09295
9178.88 1.11221
9178.87 1.08221
9178.86 1.07155
9178.84 1.06146
9178.83 1.08941
9178.82 1.11683
9178.81 1.08335
9178.80 1.10411
9178.78 1.09984
9178.77 1.07070
9178.76 1.06652
9178.75 1.06476
9178.74 1.08154
9178.72 1.09811
9178.71 1.08759
9178.70 1.07468
9178.69 1.09473
9178.67 1.11302
9178.66 1.09705
9178.65 1.03601
9178.64 1.09743
9178.62 1.05549
9178.61 1.06981
9178.60 1.12101
9178.59 1.07152
9178.58 1.08744
9178.56 1.09404
9178.55 1.07282
9178.54 1.08263
9178.53 1.07764
9178.52 1.09610
9178.50 1.05146
9178.49 1.09437
9178.48 1.08997
9178.47 1.10200
9178.46 1.10295
9178.44 1.10638
9178.43 1.08863
9178.42 1.11098
9178.41 1.07905
9178.39 1.10421
9178.38 1.10686
9178.37 1.07328
9178.36 1.09663
9178.34 0.986818
9178.33 1.03976
9178.32 1.08466
9178.31 1.09192
9178.30 1.09375
9178.28 1.05080
9178.27 1.08689
9178.26 1.08573
9178.25 1.06607
9178.24 1.12068
9178.22 1.07611
9178.21 1.07663
9178.20 1.10043
9178.19 1.11001
9178.17 1.12322
9178.16 1.08881
9178.15 1.11777
9178.14 1.11351
9178.12 1.06371
9178.11 1.05667
9178.10 1.07937
9178.09 1.07417
9178.08 1.10446
9178.06 1.09501
9178.05 1.16849
9178.04 1.06775
9178.03 1.03320
9178.01 1.03517
9178.00 1.06162
9177.99 1.10296
9177.98 1.06041
9177.97 1.09938
9177.95 1.10941
9177.94 1.08256
9177.93 1.12170
9177.92 1.05938
9177.91 1.13502
9177.89 1.08230
9177.88 1.06371
9177.87 1.11227
9177.86 1.11661
9177.84 1.05534
9177.83 1.07311
9177.82 1.07851
9177.81 1.06932
9177.80 1.06385
9177.78 1.03930
9177.77 1.10803
9177.76 1.12817
9177.75 1.12210
9177.73 1.12615
9177.72 1.10142
9177.71 1.08107
9177.70 1.07453
9177.69 1.07449
9177.67 1.09741
9177.66 1.08606
9177.65 1.05398
9177.64 1.08365
9177.62 1.08978
9177.61 1.06650
9177.60 1.04616
9177.59 1.10650
9177.58 1.06390
9177.56 1.07331
9177.55 1.07666
9177.54 1.06170
9177.53 1.11240
9177.51 1.10279
9177.50 1.11361
9177.49 1.08821
9177.48 1.12419
9177.47 1.08190
9177.45 1.07365
9177.44 1.09042
9177.43 1.07665
9177.42 1.06590
9177.40 1.11725
9177.39 1.10466
9177.38 1.07566
9177.37 1.10130
9177.36 1.07534
9177.34 1.09087
9177.33 1.10172
9177.32 1.05764
9177.31 1.06344
9177.29 1.11061
9177.28 1.08258
9177.27 1.05999
9177.26 1.07936
9177.25 1.11246
9177.23 1.09985
9177.22 1.10830
9177.21 1.06834
9177.20 1.08651
9177.19 1.10587
9177.17 1.10618
9177.16 1.10755
9177.15 1.10678
9177.14 1.10630
9177.12 1.09514
9177.11 1.06142
9177.10 1.09631
9177.09 1.06599
9177.07 1.08309
9177.06 1.09159
9177.05 1.07936
9177.04 1.08490
9177.03 1.07634
9177.01 1.07427
9177.00 1.08498
9176.99 1.09392
9176.98 1.11021
9176.96 1.11519
9176.95 1.11025
9176.94 1.07413
9176.93 1.09913
9176.92 1.13776
9176.90 1.10688
9176.89 1.06010
9176.88 1.12655
9176.87 1.11089
9176.86 1.07890
9176.84 1.08879
9176.83 1.09537
9176.82 1.14289
9176.81 1.11467
9176.79 1.07297
9176.78 1.09425
9176.77 1.08429
9176.76 1.10731
9176.75 1.10569
9176.73 1.06258
9176.72 1.07848
9176.71 1.10302
9176.70 1.11124
9176.68 1.06442
9176.67 1.10470
9176.66 1.10133
9176.65 1.08038
9176.64 1.10885
9176.62 1.07160
9176.61 1.09638
9176.60 1.10010
9176.59 1.08398
9176.58 1.06733
9176.56 1.10696
9176.55 1.06212
9176.54 1.06257
9176.53 1.10409
9176.51 1.10841
9176.50 1.10634
9176.49 1.10304
9176.48 1.09385
9176.46 1.11752
9176.45 1.08454
9176.44 1.12683
9176.43 1.09592
9176.42 1.03943
9176.40 1.07898
9176.39 1.05877
9176.38 1.10021
9176.37 1.09916
9176.35 1.07776
9176.34 1.09403
9176.33 1.09327
9176.32 1.09707
9176.31 1.10344
9176.29 1.08504
9176.28 1.09419
9176.27 1.10981
9176.26 1.10723
9176.25 1.10278
9176.23 1.08919
9176.22 1.06123
9176.21 1.07748
9176.20 1.09333
9176.18 1.03569
9176.17 1.09732
9176.16 1.08150
9176.15 1.11538
9176.14 1.07889
9176.12 1.09704
9176.11 1.10109
9176.10 1.08092
9176.09 1.08607
9176.07 1.12998
9176.06 1.09016
9176.05 1.07893
9176.04 1.09926
9176.03 1.09270
9176.01 1.10485
9176.00 1.08313
9175.99 1.09224
9175.98 1.06740
9175.96 1.11777
9175.95 1.09775
9175.94 1.08894
9175.93 1.11577
9175.92 1.06851
9175.90 1.08421
9175.89 1.14570
9175.88 1.08818
9175.87 1.09072
9175.85 1.08761
9175.84 1.07903
9175.83 1.11075
9175.82 1.09698
9175.81 1.11060
9175.79 1.11675
9175.78 1.09444
9175.77 1.10831
9175.76 1.08202
9175.74 1.11286
9175.73 1.10957
9175.72 1.07866
9175.71 1.09859
9175.70 1.08431
9175.68 1.07682
9175.67 1.09957
9175.66 1.10483
9175.65 1.11196
9175.63 1.10556
9175.62 1.08054
9175.61 1.07120
9175.60 1.08612
9175.59 1.08427
9175.57 1.10134
9175.56 1.12548
9175.55 1.09644
9175.54 1.06361
9175.53 1.08879
9175.51 1.10655
9175.50 1.07010
9175.49 1.06741
9175.48 1.05905
9175.46 1.10888
9175.45 1.03749
9175.44 1.08307
9175.43 1.10207
9175.42 1.05481
9175.40 1.03556
9175.39 1.03621
9175.38 1.09695
9175.37 1.07930
9175.35 1.08836
9175.34 1.07421
9175.33 1.05626
9175.32 1.08923
9175.31 1.08389
9175.29 1.07572
9175.28 1.07838
9175.27 1.08886
9175.26 1.10798
9175.24 1.09084
9175.23 1.07758
9175.22 1.08067
9175.21 1.08650
9175.20 1.08225
9175.18 1.06176
9175.17 1.05919
9175.16 1.07591
9175.15 1.10053
9175.13 1.07576
9175.12 1.09818
9175.11 1.06454
9175.10 1.12835
9175.08 1.07897
9175.07 1.04909
9175.06 1.09375
9175.05 1.07014
9175.04 1.07672
9175.02 1.11354
9175.01 1.09441
9175.00 1.10374
9174.99 1.12065
9174.98 1.07993
9174.96 1.11721
9174.95 1.06730
9174.94 1.09669
9174.93 1.10595
9174.91 1.10517
9174.90 1.11200
9174.89 1.08447
9174.88 1.04744
9174.87 1.08780
9174.85 1.10222
9174.84 1.08711
9174.83 1.06959
9174.82 1.06769
9174.80 1.09103
9174.79 1.14123
9174.78 1.08263
9174.77 1.09643
9174.75 1.12129
9174.74 1.09492
9174.73 1.10725
9174.72 1.10882
9174.71 1.06571
9174.70 1.08552
9174.68 1.09361
9174.67 1.06208
9174.66 1.08432
9174.65 1.05767
9174.63 1.09768
9174.62 1.06341
9174.61 1.09252
9174.60 1.11608
9174.58 1.05798
9174.57 1.12590
9174.56 1.07008
9174.55 1.09619
9174.54 1.08070
9174.52 1.09270
9174.51 1.08988
9174.50 1.10677
9174.49 1.10262
9174.47 1.09907
9174.46 1.10420
9174.45 1.09824
9174.44 1.06434
9174.43 1.06232
9174.41 1.10910
9174.40 1.07290
9174.39 1.06330
9174.38 1.09962
9174.37 1.11224
9174.35 1.05163
9174.34 1.11057
9174.33 1.05579
9174.32 1.07883
9174.30 1.09756
9174.29 1.07784
9174.28 1.06823
9174.27 1.05621
9174.26 1.07640
9174.24 1.08165
9174.23 1.10834
9174.22 1.10384
9174.21 1.04683
9174.19 1.10901
9174.18 1.07807
9174.17 1.06332
9174.16 1.05191
9174.15 1.11444
9174.13 1.12301
9174.12 1.05817
9174.11 1.13134
9174.10 1.03915
9174.08 1.05174
9174.07 1.10561
9174.06 1.10483
9174.05 1.06545
9174.04 1.06677
9174.02 1.09788
9174.01 1.07807
9174.00 1.11150
9173.99 1.06233
9173.97 1.05369
9173.96 1.13076
9173.95 1.09658
9173.94 1.06882
9173.93 1.06566
9173.91 1.11113
9173.90 1.05410
9173.89 1.04720
9173.88 1.05399
9173.86 1.09562
9173.85 1.10098
9173.84 1.11589
9173.83 1.06656
9173.82 1.10303
9173.80 1.06632
9173.79 1.08031
9173.78 1.07403
9173.77 1.10015
9173.75 1.05661
9173.74 1.06241
9173.73 1.12053
9173.72 1.08052
9173.71 1.05155
9173.69 1.04379
9173.68 1.13138
9173.67 1.11921
9173.66 1.09378
9173.65 1.05842
9173.63 1.09056
9173.62 1.08611
9173.61 1.07783
9173.60 1.09583
9173.58 1.08810
9173.57 1.12091
9173.56 1.07258
9173.55 1.11401
9173.54 1.07894
9173.52 1.07861
9173.51 1.07970
9173.50 1.08059
9173.49 1.09117
9173.47 1.09504
9173.46 1.06669
9173.45 1.08166
9173.44 1.09353
9173.42 1.04821
9173.41 1.09229
9173.40 1.14634
9173.39 1.08434
9173.38 1.11953
9173.36 1.08626
9173.35 1.13445
9173.34 1.10828
9173.33 1.11200
9173.32 1.11444
9173.30 1.06254
9173.29 1.09777
9173.28 1.05829
9173.27 1.07990
9173.25 1.11657
9173.24 1.06821
9173.23 1.06686
9173.22 1.08880
9173.21 1.06000
9173.19 1.08340
9173.18 1.11101
9173.17 1.09663
9173.16 1.16251
9173.14 1.08560
9173.13 1.07970
9173.12 1.08273
9173.11 1.14395
9173.10 1.08309
9173.08 1.06295
9173.07 1.09255
9173.06 1.13734
9173.05 1.05608
9173.04 1.06891
9173.02 1.09528
9173.01 1.11184
9173.00 1.10292
9172.99 1.08001
9172.97 1.12921
9172.96 1.09396
9172.95 1.09689
9172.94 1.12856
9172.92 1.10072
9172.91 1.10575
9172.90 1.10352
9172.89 1.12875
9172.88 1.10921
9172.86 1.09038
9172.85 1.11786
9172.84 1.10311
9172.83 1.11138
9172.81 1.10837
9172.80 1.13832
9172.79 1.10592
9172.78 1.11114
9172.77 1.12830
9172.75 1.12931
9172.74 1.11473
9172.73 1.12895
9172.72 1.08957
9172.71 1.08838
9172.69 1.13299
9172.68 1.12657
9172.67 1.16934
9172.66 1.14845
9172.64 1.13716
9172.63 1.16697
9172.62 1.15212
9172.61 1.17615
9172.59 1.13330
9172.58 1.14116
9172.57 1.17760
9172.56 1.16511
9172.55 1.13133
9172.53 1.19573
9172.52 1.13903
9172.51 1.15113
9172.50 1.14617
9172.49 1.16452
9172.47 1.17340
9172.46 1.16258
9172.45 1.17370
9172.44 1.15271
9172.42 1.15682
9172.41 1.17913
9172.40 1.16418
9172.39 1.16816
9172.38 1.19253
9172.36 1.16592
9172.35 1.20165
9172.34 1.18798
9172.33 1.18089
9172.31 1.25571
9172.30 1.20241
9172.29 1.21032
9172.28 1.19484
9172.27 1.18984
9172.25 1.22831
9172.24 1.16738
9172.23 1.22786
9172.22 1.16263
9172.20 1.24040
9172.19 1.23984
9172.18 1.16014
9172.17 1.16681
9172.16 1.21698
9172.14 1.22288
9172.13 1.16185
9172.12 1.15811
9172.11 1.21165
9172.09 1.18859
9172.08 1.20953
9172.07 1.16922
9172.06 1.16451
9172.05 1.16607
9172.03 1.18343
9172.02 1.20192
9172.01 1.17848
9172.00 1.17399
9171.98 1.18753
9171.97 1.18567
9171.96 1.19688
9171.95 1.19501
9171.94 1.17172
9171.92 1.17793
9171.91 1.16772
9171.90 1.12631
9171.89 1.17015
9171.88 1.15769
9171.86 1.15464
9171.85 1.15372
9171.84 1.18287
9171.83 1.12568
9171.81 1.15453
9171.80 1.13914
9171.79 1.14160
9171.78 1.15079
9171.77 1.12643
9171.75 1.15148
9171.74 1.11906
9171.73 1.09701
9171.72 1.11413
9171.70 1.13972
9171.69 1.10490
9171.68 1.14036
9171.67 1.11980
9171.66 1.08799
9171.64 1.12691
9171.63 1.11918
9171.62 1.07159
9171.61 1.10926
9171.59 1.11919
9171.58 1.11161
9171.57 1.10672
9171.56 1.13360
9171.54 1.10332
9171.53 1.11662
9171.52 1.07750
9171.51 1.11774
9171.50 1.09624
9171.48 1.09476
9171.47 1.11853
9171.46 1.08869
9171.45 1.06841
9171.44 1.08062
9171.42 1.08436
9171.41 1.08864
9171.40 1.09410
9171.39 1.09946
9171.37 1.07397
9171.36 1.11725
9171.35 1.07451
9171.34 1.10746
9171.33 1.11395
9171.31 1.09185
9171.30 1.06113
9171.29 1.11705
9171.28 1.08793
9171.26 1.06979
9171.25 1.08620
9171.24 1.08085
9171.23 1.08083
9171.22 1.10016
9171.20 1.09308
9171.19 1.07776
9171.18 1.09925
9171.17 1.09145
9171.16 1.07203
9171.14 1.10860
9171.13 1.10291
9171.12 1.11457
9171.11 1.09851
9171.09 1.08549
9171.08 1.08913
9171.07 1.07558
9171.06 1.10221
9171.04 1.12030
9171.03 1.08935
9171.02 1.13950
9171.01 1.09577
9171.00 1.09407
9170.98 1.04709
9170.97 1.08687
9170.96 1.09649
9170.95 1.09249
9170.93 1.10664
9170.92 1.11149
9170.91 1.10545
9170.90 1.14276
9170.89 1.04578
9170.87 1.10454
9170.86 1.11418
9170.85 1.09034
9170.84 1.07308
9170.83 1.08821
9170.81 1.09102
9170.80 1.08943
9170.79 1.08988
9170.78 1.12078
9170.76 1.09374
9170.75 1.07767
9170.74 1.11342
9170.73 1.07448
9170.72 1.12596
9170.70 1.06868
9170.69 1.10336
9170.68 1.09909
9170.67 1.07781
9170.65 1.10674
9170.64 1.11123
9170.63 1.11300
9170.62 1.07604
9170.61 1.06806
9170.59 1.08353
9170.58 1.10580
9170.57 1.06997
9170.56 1.09922
9170.54 1.05978
9170.53 1.10639
9170.52 1.07173
9170.51 1.10594
9170.50 1.10031
9170.48 1.12710
9170.47 1.11150
9170.46 1.03579
9170.45 1.04003
9170.43 1.06976
9170.42 1.08650
9170.41 1.10010
9170.40 1.07384
9170.39 1.10079
9170.37 1.09527
9170.36 1.05979
9170.35 1.09150
9170.34 1.10374
9170.32 1.08295
9170.31 1.10930
9170.30 1.09515
9170.29 1.10810
9170.28 1.11451
9170.26 1.07086
9170.25 1.08490
9170.24 1.11517
9170.23 1.05892
9170.21 1.09111
9170.20 1.05792
9170.19 1.09751
9170.18 1.08352
9170.17 1.05938
9170.15 1.14355
9170.14 1.07367
9170.13 1.08097
9170.12 1.08892
9170.11 1.11614
9170.09 1.10730
9170.08 1.09227
9170.07 1.13183
9170.06 1.08705
9170.04 1.09978
9170.03 1.07959
9170.02 1.05220
9170.01 1.10030
9170.00 1.10940
9169.98 1.07295
9169.97 1.07404
9169.96 1.05441
9169.95 1.05880
9169.93 1.12992
9169.92 1.10468
9169.91 1.10787
9169.90 1.10238
9169.88 1.07950
9169.87 1.08368
9169.86 1.09885
9169.85 1.06174
9169.84 1.08352
9169.82 1.08807
9169.81 1.09896
9169.80 1.06272
9169.79 1.07333
9169.78 1.11273
9169.76 1.11087
9169.75 1.07083
9169.74 1.11076
9169.73 1.09556
9169.71 1.06957
9169.70 1.06333
9169.69 1.10287
9169.68 1.07856
9169.67 1.10900
9169.65 1.09379
9169.64 1.09795
9169.63 1.08409
9169.62 1.08923
9169.60 1.09372
9169.59 1.07101
9169.58 1.08508
9169.57 1.11152
9169.56 1.11255
9169.54 1.08309
9169.53 1.06865
9169.52 1.08897
9169.51 1.08741
9169.50 1.10897
9169.48 1.06991
9169.47 1.08573
9169.46 1.08287
9169.45 1.10406
9169.43 1.08252
9169.42 1.04454
9169.41 1.09190
9169.40 1.06570
9169.38 1.09682
9169.37 1.08319
9169.36 1.08346
9169.35 1.07894
9169.34 1.11284
9169.32 1.11101
9169.31 1.09208
9169.30 1.10444
9169.29 1.11292
9169.27 1.07966
9169.26 1.08139
9169.25 1.07571
9169.24 1.09370
9169.23 1.04208
9169.21 1.08660
9169.20 1.08762
9169.19 1.07883
9169.18 1.08390
9169.17 1.08418
9169.15 1.12426
9169.14 1.09646
9169.13 1.08518
9169.12 1.09746
9169.10 1.08927
9169.09 1.07489
9169.08 1.09659
9169.07 1.07154
9169.05 1.06440
9169.04 1.06957
9169.03 1.04844
9169.02 1.04685
9169.01 1.05352
9168.99 1.06773
9168.98 1.08907
9168.97 1.09698
9168.96 1.07641
9168.95 1.07741
9168.93 1.07489
9168.92 1.08586
9168.91 1.09563
9168.90 1.07860
9168.88 1.09227
9168.87 1.11231
9168.86 1.09659
9168.85 1.08223
9168.84 1.10217
9168.82 1.11017
9168.81 1.07533
9168.80 1.06853
9168.79 1.05574
9168.77 1.09426
9168.76 1.06782
9168.75 1.08635
9168.74 1.09462
9168.73 1.08439
9168.71 1.09867
9168.70 1.06054
9168.69 1.09428
9168.68 1.08820
9168.67 1.06593
9168.65 1.05831
9168.64 1.08781
9168.63 1.08094
9168.62 1.09174
9168.60 1.08124
9168.59 1.11100
9168.58 1.09795
9168.57 1.08973
9168.55 1.05776
9168.54 1.11287
9168.53 1.07782
9168.52 1.07435
9168.51 1.08443
9168.49 1.07371
9168.48 1.07225
9168.47 1.06604
9168.46 1.07013
9168.44 1.08155
9168.43 1.08510
9168.42 1.12667
9168.41 1.09516
9168.40 1.09336
9168.38 1.09614
9168.37 1.07874
9168.36 1.09695
9168.35 1.07373
9168.33 1.10808
9168.32 1.09891
9168.31 1.12172
9168.30 1.09541
9168.29 1.08419
9168.27 1.08796
9168.26 1.10921
9168.25 1.11669
9168.24 1.07496
9168.23 1.11036
9168.21 1.08561
9168.20 1.07392
9168.19 1.10306
9168.18 1.11131
9168.16 1.10386
9168.15 1.12144
9168.14 1.11689
9168.13 1.08093
9168.12 1.08581
9168.10 1.06427
9168.09 1.09485
9168.08 1.09157
9168.07 1.07456
9168.05 1.06486
9168.04 1.05578
9168.03 1.07505
9168.02 1.10929
9168.00 1.09279
9167.99 1.07565
9167.98 1.10441
9167.97 1.08815
9167.96 1.05260
9167.94 1.08327
9167.93 1.08360
9167.92 1.08335
9167.91 1.06768
9167.90 1.07432
9167.88 1.07454
9167.87 1.06026
9167.86 1.09716
9167.85 1.07713
9167.83 1.06583
9167.82 1.04092
9167.81 1.11745
9167.80 1.10219
9167.79 1.09361
9167.77 1.09094
9167.76 1.08641
9167.75 1.09909
9167.74 1.09831
9167.72 1.09031
9167.71 1.09697
9167.70 1.10216
9167.69 1.09885
9167.68 1.08456
9167.66 1.12076
9167.65 1.07431
9167.64 1.04246
9167.63 1.07934
9167.62 1.08240
9167.60 1.03623
9167.59 1.09460
9167.58 1.06393
9167.57 1.07261
9167.55 1.10148
9167.54 1.07975
9167.53 1.04110
9167.52 1.09125
9167.50 1.09205
9167.49 1.10122
9167.48 1.08380
9167.47 1.10257
9167.46 1.09313
9167.44 1.10213
9167.43 1.09833
9167.42 1.10512
9167.41 1.11843
9167.39 1.10080
9167.38 1.08554
9167.37 1.09152
9167.36 1.10061
9167.35 1.06000
9167.33 1.06411
9167.32 1.11313
9167.31 1.07324
9167.30 1.09278
9167.29 1.09300
9167.27 1.11362
9167.26 1.05668
9167.25 1.08756
9167.24 1.10587
9167.22 1.07200
9167.21 1.10916
9167.20 1.07480
9167.19 1.08874
9167.18 1.08789
9167.16 1.12652
9167.15 1.09127
9167.14 1.09488
9167.13 1.10730
9167.11 1.09859
9167.10 1.09883
9167.09 1.08199
9167.08 1.09021
9167.07 1.11667
9167.05 1.10361
9167.04 1.11366
9167.03 1.10519
9167.02 1.06480
9167.00 1.08127
9166.99 1.08546
9166.98 1.07726
9166.97 1.09882
9166.96 1.07470
9166.94 1.11158
9166.93 1.07978
9166.92 1.06458
9166.91 1.09085
9166.89 1.11739
9166.88 1.09098
9166.87 1.04422
9166.86 1.07838
9166.85 1.10270
9166.83 1.08220
9166.82 1.09681
9166.81 1.10198
9166.80 1.09407
9166.78 1.12183
9166.77 1.11623
9166.76 1.07169
9166.75 1.10473
9166.74 1.12289
9166.72 1.09748
9166.71 1.04426
9166.70 1.06440
9166.69 1.06191
9166.67 1.07694
9166.66 1.08516
9166.65 1.08055
9166.64 1.04729
9166.63 1.12228
9166.61 1.08901
9166.60 1.06478
9166.59 1.09911
9166.58 1.07849
9166.57 1.09327
9166.55 1.07851
9166.54 1.11242
9166.53 1.07750
9166.52 1.09064
9166.50 1.10428
9166.49 1.07700
9166.48 1.12763
9166.47 1.10915
9166.46 1.09094
9166.44 1.09027
9166.43 1.09557
9166.42 1.07360
9166.41 1.05078
9166.39 1.10481
9166.38 1.05416
9166.37 1.09720
9166.36 1.10211
9166.35 1.09460
9166.33 1.03803
9166.32 1.08743
9166.31 1.11446
9166.30 1.08774
9166.28 1.05447
9166.27 1.06824
9166.26 1.10538
9166.25 1.07830
9166.24 1.08487
9166.22 1.06706
9166.21 1.08472
9166.20 1.11973
9166.19 1.05708
9166.17 1.09907
9166.16 1.10349
9166.15 1.14007
9166.14 1.10385
9166.12 1.07787
9166.11 1.08899
9166.10 1.08827
9166.09 1.11945
9166.08 1.10327
9166.06 1.10018
9166.05 1.07493
9166.04 1.09762
9166.03 1.05940
9166.02 1.06606
9166.00 1.10488
9165.99 1.09054
9165.98 1.09450
9165.97 1.05612
9165.96 1.07111
9165.94 1.10292
9165.93 1.08168
9165.92 1.10675
9165.91 1.07749
9165.89 1.08509
9165.88 1.08484
9165.87 1.07601
9165.86 1.07169
9165.84 1.03935
9165.83 1.08737
9165.82 1.07170
9165.81 1.07551
9165.80 1.08681
9165.78 1.07740
9165.77 1.07146
9165.76 1.11768
9165.75 1.10103
9165.74 1.04874
9165.72 1.05534
9165.71 1.08270
9165.70 1.05244
9165.69 1.10475
9165.67 1.10399
9165.66 1.09404
9165.65 1.10981
9165.64 1.08643
9165.62 1.10497
9165.61 1.08587
9165.60 1.07510
9165.59 1.10163
9165.58 1.06673
9165.56 1.08594
9165.55 1.09217
9165.54 1.10178
9165.53 1.05328
9165.51 1.11642
9165.50 1.05855
9165.49 1.07526
9165.48 1.06000
9165.47 1.08338
9165.45 1.11009
9165.44 1.07295
9165.43 1.08557
9165.42 1.08454
9165.41 1.10550
9165.39 1.08001
9165.38 1.03744
9165.37 1.07655
9165.36 1.07541
9165.34 1.07858
9165.33 1.06417
9165.32 1.13179
9165.31 1.10182
9165.30 1.10899
9165.28 1.12129
9165.27 1.12276
9165.26 1.06770
9165.25 1.09289
9165.23 1.09169
9165.22 1.05630
9165.21 1.08803
9165.20 1.10850
9165.18 1.08187
9165.17 1.10325
9165.16 1.09165
9165.15 1.07433
9165.14 1.04642
9165.12 1.07252
9165.11 1.08228
9165.10 1.07508
9165.09 1.07734
9165.08 1.09286
9165.06 1.10479
9165.05 1.08671
9165.04 1.10971
9165.03 1.05746
9165.01 1.11656
9165.00 1.09170
9164.99 1.08038
9164.98 1.08942
9164.97 1.06596
9164.95 1.07875
9164.94 1.08603
9164.93 1.08932
9164.92 1.11096
9164.90 1.07206
9164.89 1.08649
9164.88 1.07503
9164.87 1.10281
9164.86 1.09328
9164.84 1.11372
9164.83 1.09077
9164.82 1.09462
9164.81 1.07169
9164.79 1.12134
9164.78 1.06485
9164.77 1.09826
9164.76 1.08483
9164.75 1.08909
9164.73 1.08617
9164.72 1.10937
9164.71 1.10902
9164.70 1.07875
9164.69 1.07610
9164.67 1.08945
9164.66 1.10436
9164.65 1.11117
9164.64 1.07976
9164.62 1.07736
9164.61 1.10190
9164.60 1.06333
9164.59 1.09681
9164.58 1.10856
9164.56 1.05126
9164.55 1.06805
9164.54 1.11671
9164.53 1.08848
9164.51 1.10040
9164.50 1.11081
9164.49 1.07224
9164.48 1.06722
9164.46 1.11778
9164.45 1.04299
9164.44 1.08303
9164.43 1.08939
9164.42 1.07595
9164.40 1.07834
9164.39 1.10374
9164.38 1.09542
9164.37 1.05785
9164.36 1.07705
9164.34 1.08385
9164.33 1.15746
9164.32 1.08358
9164.31 1.08869
9164.29 1.10115
9164.28 1.09148
9164.27 1.11399
9164.26 1.08298
9164.25 1.08005
9164.23 1.07768
9164.22 1.10254
9164.21 1.11096
9164.20 1.06443
9164.18 1.10208
9164.17 1.11216
9164.16 1.10617
9164.15 1.08477
9164.14 1.07386
9164.12 1.10689
9164.11 1.08330
9164.10 1.10839
9164.09 1.09828
9164.08 1.05010
9164.06 1.07155
9164.05 1.08138
9164.04 1.10299
9164.03 1.04520
9164.01 1.07852
9164.00 1.10311
9163.99 1.08896
9163.98 1.08180
9163.96 1.08467
9163.95 1.09866
9163.94 1.10071
9163.93 1.11632
9163.92 1.10183
9163.90 1.09498
9163.89 1.05135
9163.88 1.10840
9163.87 1.09685
9163.85 1.09105
9163.84 1.05878
9163.83 1.11350
9163.82 1.08965
9163.81 1.09751
9163.79 1.05682
9163.78 1.08440
9163.77 1.07671
9163.76 1.09838
9163.75 1.07725
9163.73 1.08114
9163.72 1.12058
9163.71 1.09839
9163.70 1.07540
9163.68 1.08844
9163.67 1.07741
9163.66 1.08059
9163.65 1.10748
9163.64 1.09553
9163.62 1.09300
9163.61 1.10380
9163.60 1.12812
9163.59 1.09747
9163.57 1.09124
9163.56 1.08541
9163.55 1.09885
9163.54 1.08931
9163.53 1.09181
9163.51 1.08210
9163.50 1.12797
9163.49 1.09299
9163.48 1.07443
9163.46 1.08383
9163.45 1.09293
9163.44 1.11407
9163.43 1.11140
9163.42 1.11139
9163.40 1.09199
9163.39 1.10413
9163.38 1.09582
9163.37 1.10429
9163.35 1.06319
9163.34 1.05165
9163.33 1.11127
9163.32 1.11312
9163.31 1.08743
9163.29 1.10581
9163.28 1.09266
9163.27 1.11825
9163.26 1.10131
9163.24 1.08839
9163.23 1.07684
9163.22 1.10368
9163.21 1.04407
9163.20 1.11012
9163.18 1.08324
9163.17 1.11208
9163.16 1.04757
9163.15 1.08951
9163.13 1.10342
9163.12 1.09068
9163.11 1.10339
9163.10 1.05953
9163.09 1.05833
9163.07 1.10329
9163.06 1.11444
9163.05 1.08254
9163.04 1.11644
9163.02 1.06572
9163.01 1.09157
9163.00 1.10515
9162.99 1.08736
9162.98 1.08554
9162.96 1.09432
9162.95 1.08296
9162.94 1.11224
9162.93 1.07214
9162.92 1.08702
9162.90 1.10964
9162.89 1.09702
9162.88 1.05249
9162.87 1.09611
9162.85 1.09823
9162.84 1.10767
9162.83 1.08771
9162.82 1.06902
9162.81 1.11075
9162.79 1.08147
9162.78 1.06186
9162.77 1.10290
9162.76 1.14634
9162.74 1.06933
9162.73 1.10382
9162.72 1.09457
9162.71 1.09910
9162.70 1.06066
9162.68 1.04596
9162.67 1.09484
9162.66 1.07387
9162.65 1.12805
9162.63 1.07445
9162.62 1.08310
9162.61 1.05444
9162.60 1.10463
9162.58 1.10393
9162.57 1.07317
9162.56 1.10993
9162.55 1.09290
9162.54 1.07804
9162.52 1.06542
9162.51 1.05517
9162.50 1.07938
9162.49 1.09215
9162.48 1.09866
9162.46 1.08285
9162.45 1.06610
9162.44 1.09594
9162.43 1.05228
9162.41 1.09067
9162.40 1.09079
9162.39 1.04608
9162.38 1.08025
9162.37 1.05974
9162.35 1.09296
9162.34 1.10318
9162.33 1.10879
9162.32 1.11941
9162.30 1.09217
9162.29 1.09725
9162.28 1.07353
9162.27 1.11181
9162.25 1.10034
9162.24 1.09653
9162.23 1.07301
9162.22 1.09318
9162.21 1.07805
9162.20 1.08517
9162.18 1.10705
9162.17 1.08826
9162.16 1.09746
9162.15 1.08596
9162.13 1.08508
9162.12 1.08879
9162.11 1.10339
9162.10 1.11629
9162.08 1.06100
9162.07 1.07949
9162.06 1.07515
9162.05 1.08365
9162.04 1.08481
9162.02 1.05475
9162.01 1.08323
9162.00 1.07922
9161.99 1.12087
9161.97 1.09739
9161.96 1.09261
9161.95 1.09694
9161.94 1.07699
9161.93 1.07463
9161.91 1.09486
9161.90 1.13879
9161.89 1.09983
9161.88 1.09995
9161.87 1.10481
9161.85 1.09805
9161.84 1.08465
9161.83 1.06100
9161.82 1.09876
9161.80 1.06254
9161.79 1.05265
9161.78 1.09158
9161.77 1.08626
9161.76 1.10914
9161.74 1.07243
9161.73 1.06900
9161.72 1.10812
9161.71 1.09041
9161.69 1.09745
9161.68 1.08196
9161.67 1.10326
9161.66 1.10550
9161.65 1.07683
9161.63 1.10014
9161.62 1.08349
9161.61 1.04945
9161.60 1.11198
9161.58 1.07405
9161.57 1.08998
9161.56 1.08938
9161.55 1.08739
9161.54 1.08290
9161.52 1.06467
9161.51 1.05730
9161.50 1.08326
9161.49 1.08786
9161.47 1.11171
9161.46 1.12508
9161.45 1.07019
9161.44 1.08728
9161.43 1.05752
9161.41 1.07093
9161.40 1.08604
9161.39 1.09373
9161.38 1.09089
9161.36 1.13234
9161.35 1.09950
9161.34 1.08921
9161.33 1.08619
9161.32 1.09550
9161.30 1.07755
9161.29 1.08736
9161.28 1.07161
9161.27 1.07061
9161.25 1.07053
9161.24 1.08552
9161.23 1.06640
9161.22 1.10131
9161.21 1.10571
9161.19 1.11148
9161.18 1.08823
9161.17 1.04601
9161.16 1.08776
9161.15 1.08336
9161.13 1.10705
9161.12 1.04194
9161.11 1.09303
9161.10 1.09287
9161.08 1.08742
9161.07 1.05715
9161.06 1.09184
9161.05 1.10423
9161.04 1.07985
9161.02 1.08922
9161.01 1.10372
9161.00 1.05747
9160.99 1.08025
9160.97 1.11351
9160.96 1.09991
9160.95 1.07588
9160.94 1.08745
9160.92 1.10717
9160.91 1.08546
9160.90 1.08061
9160.89 1.07557
9160.88 1.07725
9160.86 1.07706
9160.85 1.07194
9160.84 1.06696
9160.83 1.09863
9160.82 1.13023
9160.80 1.08615
9160.79 1.13229
9160.78 1.10301
9160.77 1.08034
9160.75 1.08257
9160.74 1.06793
9160.73 1.10080
9160.72 1.10724
9160.71 1.10901
9160.69 1.08366
9160.68 1.07063
9160.67 1.11149
9160.66 1.07740
9160.64 1.10082
9160.63 1.08701
9160.62 1.06856
9160.61 1.12231
9160.60 1.07346
9160.58 1.11357
9160.57 1.12352
9160.56 1.10407
9160.55 1.11642
9160.54 1.11028
9160.52 1.05440
9160.51 1.10567
9160.50 1.11131
9160.49 1.07819
9160.47 1.06956
9160.46 1.04966
9160.45 1.10688
9160.44 1.06583
9160.42 1.08780
9160.41 1.08654
9160.40 1.05113
9160.39 1.09473
9160.38 1.06903
9160.36 1.08465
9160.35 1.09810
9160.34 1.10789
9160.33 1.10469
9160.31 1.09116
9160.30 1.10101
9160.29 1.06220
9160.28 1.06699
9160.27 1.08069
9160.25 1.10843
9160.24 1.07773
9160.23 1.10003
9160.22 1.08411
9160.21 1.08662
9160.19 1.09162
9160.18 1.10856
9160.17 1.12518
9160.16 1.09606
9160.14 1.14047
9160.13 1.07705
9160.12 1.08461
9160.11 1.06282
9160.09 1.10403
9160.08 1.06494
9160.07 1.08016
9160.06 1.09114
9160.05 1.06670
9160.03 1.10145
9160.02 1.10996
9160.01 1.06736
9160.00 1.07727
9159.99 1.09890
9159.97 1.10823
9159.96 1.06390
9159.95 1.08528
9159.94 1.05652
9159.92 1.07396
9159.91 1.07741
9159.90 1.11472
9159.89 1.09300
9159.88 1.06854
9159.86 1.12626
9159.85 1.08908
9159.84 1.07140
9159.83 1.08205
9159.81 1.07918
9159.80 1.09816
9159.79 1.10648
9159.78 1.05666
9159.77 1.12506
9159.75 1.06159
9159.74 1.04873
9159.73 1.09021
9159.72 1.10133
9159.70 1.06547
9159.69 1.10114
9159.68 1.05336
9159.67 1.03391
9159.66 1.08034
9159.64 1.08924
9159.63 1.11266
9159.62 1.08728
9159.61 1.07394
9159.59 1.08946
9159.58 1.09239
9159.57 1.08385
9159.56 1.06814
9159.55 1.10765
9159.53 1.05678
9159.52 1.07105
9159.51 1.06686
9159.50 1.04996
9159.48 1.03284
9159.47 1.08534
9159.46 1.13021
9159.45 1.07915
9159.44 1.12989
9159.42 1.10101
9159.41 1.05844
9159.40 1.08845
9159.39 1.08381
9159.38 1.07578
9159.36 1.11290
9159.35 1.09173
9159.34 1.07574
9159.33 1.06407
9159.31 1.06446
9159.30 1.07082
9159.29 1.07866
9159.28 1.07239
9159.27 1.10491
9159.25 1.10292
9159.24 1.08043
9159.23 1.10973
9159.22 1.09878
9159.20 1.06114
9159.19 1.09062
9159.18 1.08179
9159.17 1.04382
9159.16 1.10450
9159.14 1.08145
9159.13 1.07629
9159.12 1.07660
9159.11 1.07208
9159.09 1.11072
9159.08 1.08942
9159.07 1.03048
9159.06 1.08991
9159.04 1.10059
9159.03 1.06869
9159.02 1.07653
9159.01 1.07568
9159.00 1.11763
9158.98 1.11891
9158.97 1.09793
9158.96 1.09659
9158.95 1.07370
9158.94 1.04968
9158.92 1.06879
9158.91 1.08440
9158.90 1.07137
9158.89 1.06900
9158.87 1.07118
9158.86 1.08518
9158.85 1.10055
9158.84 1.09857
9158.83 1.07781
9158.81 1.10539
9158.80 1.08453
9158.79 1.06257
9158.78 1.09700
9158.76 1.13013
9158.75 1.08827
9158.74 1.06253
9158.73 1.11285
9158.72 1.07997
9158.70 1.09393
9158.69 1.09293
9158.68 1.07471
9158.67 1.09274
9158.66 1.06083
9158.64 1.08677
9158.63 1.06469
9158.62 1.05373
9158.61 1.05695
9158.59 1.12778
9158.58 1.07984
9158.57 1.06815
9158.56 1.08613
9158.54 1.05098
9158.53 1.08623
9158.52 1.11002
9158.51 1.07297
9158.50 1.13520
9158.48 1.08951
9158.47 1.09004
9158.46 1.08138
9158.45 1.08032
9158.43 1.09911
9158.42 1.09680
9158.41 1.09412
9158.40 1.05336
9158.39 1.08348
9158.37 1.10206
9158.36 1.08631
9158.35 1.06433
9158.34 1.05583
9158.33 1.07792
9158.31 1.09113
9158.30 1.09225
9158.29 1.09593
9158.28 1.06125
9158.26 1.06053
9158.25 1.05527
9158.24 1.06223
9158.23 1.09111
9158.22 1.06191
9158.20 1.09992
9158.19 1.06424
9158.18 1.02783
9158.17 1.03542
9158.15 1.09136
9158.14 1.06466
9158.13 1.06436
9158.12 1.01072
9158.11 1.05346
9158.09 1.03293
9158.08 1.09666
9158.07 1.06687
9158.06 1.01477
9158.04 1.05091
9158.03 1.03646
9158.02 1.06659
9158.01 1.04106
9158.00 1.04559
9157.98 1.01543
9157.97 1.05969
9157.96 1.07714
9157.95 1.08108
9157.93 1.06585
9157.92 1.04933
9157.91 1.03623
9157.90 1.03999
9157.89 1.05624
9157.87 1.08381
9157.86 1.03587
9157.85 1.06402
9157.84 1.05722
9157.82 1.08630
9157.81 1.04402
9157.80 1.07483
9157.79 1.01198
9157.78 1.01219
9157.76 1.05313
9157.75 1.06815
9157.74 1.05754
9157.73 1.03787
9157.71 1.04130
9157.70 0.974666
9157.69 1.06055
9157.68 1.05981
9157.67 1.05660
9157.65 1.05543
9157.64 1.01035
9157.63 1.02541
9157.62 0.969365
9157.61 1.02100
9157.59 1.02703
9157.58 1.03831
9157.57 1.04211
9157.56 1.02743
9157.54 1.02822
9157.53 0.959487
9157.52 1.04579
9157.51 1.04052
9157.50 1.01132
9157.48 1.01322
9157.47 1.01952
9157.46 0.996210
9157.45 1.05800
9157.43 1.02578
9157.42 1.04016
9157.41 0.965626
9157.40 1.02997
9157.38 1.02298
9157.37 1.01443
9157.36 1.03384
9157.35 0.946763
9157.34 1.01121
9157.32 1.05026
9157.31 0.954495
9157.30 0.998470
9157.29 1.02069
9157.28 1.06950
9157.26 1.00594
9157.25 0.993080
9157.24 0.980562
9157.23 0.982048
9157.21 0.944651
9157.20 0.973991
9157.19 0.960233
9157.18 1.02157
9157.17 0.946431
9157.15 1.00627
9157.14 0.920686
9157.13 1.05643
9157.12 0.975330
9157.10 0.914019
9157.09 0.954741
9157.08 1.01201
9157.07 1.03531
9157.06 0.973813
9157.04 0.960990
9157.03 0.966838
9157.02 1.03726
9157.01 0.957905
9157.00 0.970167
9156.98 1.00087
9156.97 0.963859
9156.96 0.966770
9156.95 1.02718
9156.93 0.896413
9156.92 0.945500
9156.91 0.950297
9156.90 0.961333
9156.88 0.946048
9156.87 0.964883
9156.86 1.03554
9156.85 1.03020
9156.84 1.00102
9156.82 0.994429
9156.81 0.942031
9156.80 0.968458
9156.79 0.957005
9156.78 0.936190
9156.76 0.963459
9156.75 0.939936
9156.74 0.959391
9156.73 0.972968
9156.71 0.948821
9156.70 0.903336
9156.69 0.954707
9156.68 0.909079
9156.67 0.983856
