50  50  -46.7746907183
50  75  -44.7847326566
50  100  -43.1355173982
50  125  -42.2980660839
50  150  -41.1284831061
50  175  -39.9293855568
50  200  -38.8458355762
50  225  -37.8733171934
50  250  -37.1788664437
50  275  -36.5496109715
50  300  -35.9320183811
50  325  -35.3993480516
50  350  -35.06769094
50  375  -34.5267053143
50  400  -34.1906954566
50  425  -33.878851073
50  450  -33.6613746554
50  475  -33.4924201126
50  500  -33.3527090556
75  50  -32.4960957676
75  75  -32.1769033646
75  100  -32.1014552225
75  125  -31.7770084082
75  150  -31.5676665363
75  175  -31.4500874617
75  200  -31.3403097611
75  225  -31.2251731416
75  250  -31.1338914117
75  275  -31.0181087055
75  300  -30.9317231931
75  325  -30.8186929418
75  350  -30.7222405466
75  375  -30.633898434
75  400  -30.528340075
75  425  -30.4466608187
75  450  -30.3220700573
75  475  -30.2562509894
75  500  -30.1774469557
100  50  -29.7838335878
100  75  -29.5669145759
100  100  -29.5168021869
100  125  -29.3929768553
100  150  -29.3147910883
100  175  -29.1685162418
100  200  -29.0589830176
100  225  -28.9289586677
100  250  -28.8603443668
100  275  -28.782160306
100  300  -28.7002785229
100  325  -28.6486199291
100  350  -28.5659324715
100  375  -28.4789386983
100  400  -28.4148568685
100  425  -28.3622407115
100  450  -28.326679053
100  475  -28.2918479755
100  500  -28.2574359109
125  50  -28.0534664661
125  75  -27.9940702756
125  100  -27.9575116094
125  125  -27.8873727452
125  150  -27.7950739663
125  175  -27.7291694502
125  200  -27.6362290008
125  225  -27.5799440493
125  250  -27.5499466713
125  275  -27.4912441935
125  300  -27.3831060645
125  325  -27.3446432894
125  350  -27.2987879843
125  375  -27.2684204472
125  400  -27.2197457052
125  425  -27.1791401815
125  450  -27.1423455837
125  475  -27.1120366343
125  500  -27.0838306759
150  50  -27.023991133
150  75  -26.9586739932
150  100  -26.8380503379
150  125  -26.7691777028
150  150  -26.7030560143
150  175  -26.6535853371
150  200  -26.5858797054
150  225  -26.5442596744
150  250  -26.4727689966
150  275  -26.4367395551
150  300  -26.4174221535
150  325  -26.307152214
150  350  -26.2699389025
150  375  -26.2397178214
150  400  -26.2024453466
150  425  -26.1741409687
150  450  -26.1446645023
150  475  -26.1305731106
150  500  -26.1110886394
175  50  -26.0439134606
175  75  -25.9503791492
175  100  -25.8952265251
175  125  -25.851855835
175  150  -25.8221996319
175  175  -25.7703446275
175  200  -25.7015727257
175  225  -25.6530401839
175  250  -25.5944286025
175  275  -25.5695653476
175  300  -25.5426915236
175  325  -25.5094601188
175  350  -25.4851343042
175  375  -25.4590208442
175  400  -25.4340637917
175  425  -25.4138750713
175  450  -25.3865788286
175  475  -25.367282
175  500  -25.3432103407
200  50  -25.328251783
200  75  -25.2876466982
200  100  -25.267345769
200  125  -25.1760297917
200  150  -25.1534429511
200  175  -25.1264587136
200  200  -25.1057646561
200  225  -25.0142041002
200  250  -24.9770132506
200  275  -24.9447026087
200  300  -24.901343881
200  325  -24.8460528008
200  350  -24.8287874866
200  375  -24.8169957853
200  400  -24.7860620054
200  425  -24.7539174176
200  450  -24.7305494616
200  475  -24.7191537889
200  500  -24.7072668723
225  50  -24.6870825397
225  75  -24.6516921006
225  100  -24.633829152
225  125  -24.6167278871
225  150  -24.5909534992
225  175  -24.570263002
225  200  -24.5416353066
225  225  -24.5222071246
225  250  -24.5013234242
225  275  -24.4851197828
225  300  -24.4604551138
225  325  -24.4391490909
225  350  -24.4146595874
225  375  -24.3939761114
225  400  -24.3756021144
225  425  -24.3631352963
225  450  -24.3428337602
225  475  -24.3217041958
225  500  -24.3071772112
250  50  -24.2642237601
250  75  -24.2373265623
250  100  -24.2046935702
250  125  -24.1646137257
250  150  -24.1469833915
250  175  -24.1289420994
250  200  -24.0808372933
250  225  -24.0681591519
250  250  -24.0543290792
250  275  -24.0232774226
250  300  -24.0059335541
250  325  -23.9908398682
250  350  -23.9779367579
250  375  -23.9592817626
250  400  -23.9321824592
250  425  -23.9155309521
250  450  -23.9032100825
250  475  -23.8861620571
250  500  -23.8686909304
275  50  -23.8290068089
275  75  -23.8125987743
275  100  -23.7765282322
275  125  -23.7626377046
275  150  -23.7242893107
275  175  -23.7082852202
275  200  -23.6979488725
275  225  -23.6760094114
275  250  -23.6583887196
275  275  -23.6432422998
275  300  -23.6310427019
275  325  -23.6111167048
275  350  -23.5938476281
275  375  -23.5815374036
275  400  -23.5445999695
275  425  -23.5203819585
275  450  -23.5042356282
275  475  -23.4937914504
275  500  -23.4795734404
300  50  -23.4689691683
300  75  -23.4533865463
300  100  -23.4323454243
300  125  -23.4149358914
300  150  -23.3986148943
300  175  -23.3701004047
300  200  -23.3443805985
300  225  -23.3347867076
300  250  -23.3180069601
300  275  -23.2898173639
300  300  -23.2633083144
300  325  -23.2553003365
300  350  -23.2295447239
300  375  -23.2128237483
300  400  -23.2031914615
300  425  -23.1931108347
300  450  -23.1862929301
300  475  -23.1691589384
300  500  -23.1599382453
325  50  -23.1471455379
325  75  -23.13770439
325  100  -23.1200373531
325  125  -23.106019893
325  150  -23.0829603571
325  175  -23.0514529578
325  200  -23.0452051959
325  225  -23.0215719877
325  250  -23.0005567952
325  275  -22.9679782697
325  300  -22.9505389417
325  325  -22.938285135
325  350  -22.9257646986
325  375  -22.9107459842
325  400  -22.9026243501
325  425  -22.8947311229
325  450  -22.8896592023
325  475  -22.8757911136
325  500  -22.8709230419
350  50  -22.856037927
350  75  -22.8524427535
350  100  -22.8278647415
350  125  -22.8182376437
350  150  -22.7957745942
350  175  -22.7887441502
350  200  -22.7792441196
350  225  -22.733546882
350  250  -22.7223337684
350  275  -22.7012229165
350  300  -22.6894216648
350  325  -22.6739000753
350  350  -22.6470821093
350  375  -22.625452526
350  400  -22.606665486
350  425  -22.5997790695
350  450  -22.5923035458
350  475  -22.5814222793
350  500  -22.5655491168
375  50  -22.5328989621
375  75  -22.5229073924
375  100  -22.5092431715
375  125  -22.4963947157
375  150  -22.4899122733
375  175  -22.4742170369
375  200  -22.4695709421
375  225  -22.4552751222
375  250  -22.4375868321
375  275  -22.4231700928
375  300  -22.4165182158
375  325  -22.4039170504
375  350  -22.3960578227
375  375  -22.3859519265
375  400  -22.3797315057
375  425  -22.3743526069
375  450  -22.3637614195
375  475  -22.3534359088
375  500  -22.3466208241
400  50  -22.3363149675
400  75  -22.3201750499
400  100  -22.3141929951
400  125  -22.2828903937
400  150  -22.2581577764
400  175  -22.2536426348
400  200  -22.2457175651
400  225  -22.212827365
400  250  -22.207153909
400  275  -22.198786418
400  300  -22.1865667984
400  325  -22.1759963682
400  350  -22.1713722397
400  375  -22.1541079932
400  400  -22.147497263
400  425  -22.133604415
400  450  -22.1275595247
400  475  -22.124272685
400  500  -22.1186995191
425  50  -22.1117714642
425  75  -22.0839564507
425  100  -22.0722284989
425  125  -22.0608416788
425  150  -22.0530055418
425  175  -22.0166882737
425  200  -22.0083096678
425  225  -22.0005055175
425  250  -21.9969768603
425  275  -21.9861745281
425  300  -21.9791809034
425  325  -21.9611437275
425  350  -21.9542528325
425  375  -21.9471065147
425  400  -21.9393526299
425  425  -21.9293976246
425  450  -21.9193005599
425  475  -21.9082685154
425  500  -21.9026100918
450  50  -21.8981828962
450  75  -21.8718912005
450  100  -21.852543741
450  125  -21.8488246773
450  150  -21.8376800075
450  175  -21.8303133639
450  200  -21.8187963711
450  225  -21.8039763986
450  250  -21.7939953866
450  275  -21.785290276
450  300  -21.764309099
450  325  -21.7557502208
450  350  -21.7473777328
450  375  -21.7421603687
450  400  -21.7328469039
450  425  -21.7038766394
450  450  -21.6776499541
450  475  -21.6736929232
450  500  -21.6643881213
475  50  -21.661122347
475  75  -21.6583826226
475  100  -21.6560497906
475  125  -21.6316483647
475  150  -21.6092817557
475  175  -21.5870698242
475  200  -21.5774454285
475  225  -21.572352418
475  250  -21.5682849268
475  275  -21.5595279869
475  300  -21.5541173887
475  325  -21.5482608985
475  350  -21.5405590717
475  375  -21.5360090572
475  400  -21.5287756477
475  425  -21.5161449352
475  450  -21.5089690796
475  475  -21.506205821
475  500  -21.4987869237
500  50  -21.4946536213
500  75  -21.4872304674
500  100  -21.4725626196
500  125  -21.4564428566
500  150  -21.4455802986
500  175  -21.4413116688
500  200  -21.43322817
500  225  -21.4294931917
500  250  -21.4129951608
500  275  -21.4038795414
500  300  -21.3980954285
500  325  -21.3869283972
500  350  -21.383296076
500  375  -21.3708691508
500  400  -21.3634871044
500  425  -21.351095415
500  450  -21.3430394164
500  475  -21.3373852175
500  500  -21.3312614688
